{
 "updatedAt": "2026-07-24T15:08:38+00:00",
 "asOf": "2026-07-24",
 "window": 90,
 "obs": 25,
 "headline": {
  "annVol": 17.3,
  "betaSpy": 0.47,
  "betaXme": 0.1,
  "var1d95": -232,
  "var1d99": -450,
  "hhi": 769.0,
  "effectiveN": 13.0
 },
 "metrics": [
  {
   "k": "Annualized volatility",
   "v": "17.3%",
   "note": "from the account's daily TWR, 25 daily obs since inception",
   "tone": "neutral"
  },
  {
   "k": "Beta vs S&P 500 (SPY)",
   "v": "0.47",
   "note": "24 overlapping daily obs",
   "tone": "neutral"
  },
  {
   "k": "Beta vs metals (XME)",
   "v": "0.10",
   "note": "long/short damps directional metals beta",
   "tone": "pos"
  },
  {
   "k": "Avg pairwise correlation",
   "v": "0.51",
   "note": "trailing 90d daily returns, 18 of 18 holdings (0 OTC ex.)",
   "tone": "pos"
  },
  {
   "k": "1-day VaR (95%, historical)",
   "v": "-$232",
   "note": "-2.17% of NAV; 99% VaR -4.21% (-$450)",
   "tone": "neg"
  },
  {
   "k": "Worst day since inception",
   "v": "-4.21%",
   "note": "single worst daily TWR",
   "tone": "neg"
  },
  {
   "k": "Max drawdown (inception curve)",
   "v": "-12.7%",
   "note": "peak-to-trough on the cumulative TWR",
   "tone": "neg"
  },
  {
   "k": "Concentration (HHI / eff. N)",
   "v": "769 / 13.0",
   "note": "18 names, ~13.0 effective",
   "tone": "pos"
  }
 ],
 "avgCorr": 0.51,
 "correlations": [
  {
   "pair": "BATT \u2013 KARS",
   "v": 0.93
  },
  {
   "pair": "HL \u2013 PAAS",
   "v": 0.9
  },
  {
   "pair": "BEPC \u2013 SGML",
   "v": 0.08
  }
 ],
 "matrix": {
  "tickers": [
   "AA",
   "ALB",
   "BATT",
   "BEPC",
   "BVN",
   "CSTM",
   "FCX",
   "HL",
   "KALU",
   "KARS",
   "LAC",
   "LIT",
   "MP",
   "PAAS",
   "PLG",
   "SBSW",
   "SGML",
   "SQM"
  ],
  "rows": [
   [
    1.0,
    0.3,
    0.45,
    0.16,
    0.47,
    0.54,
    0.54,
    0.43,
    0.49,
    0.4,
    0.4,
    0.41,
    0.32,
    0.44,
    0.39,
    0.35,
    0.34,
    0.22
   ],
   [
    0.3,
    1.0,
    0.57,
    0.09,
    0.47,
    0.37,
    0.34,
    0.33,
    0.3,
    0.54,
    0.56,
    0.63,
    0.42,
    0.33,
    0.32,
    0.3,
    0.59,
    0.8
   ],
   [
    0.45,
    0.57,
    1.0,
    0.29,
    0.7,
    0.68,
    0.82,
    0.77,
    0.57,
    0.93,
    0.71,
    0.9,
    0.61,
    0.74,
    0.78,
    0.73,
    0.51,
    0.53
   ],
   [
    0.16,
    0.09,
    0.29,
    1.0,
    0.35,
    0.23,
    0.31,
    0.32,
    0.31,
    0.24,
    0.33,
    0.22,
    0.29,
    0.3,
    0.35,
    0.34,
    0.08,
    0.15
   ],
   [
    0.47,
    0.47,
    0.7,
    0.35,
    1.0,
    0.51,
    0.67,
    0.8,
    0.44,
    0.62,
    0.53,
    0.65,
    0.31,
    0.82,
    0.72,
    0.78,
    0.31,
    0.51
   ],
   [
    0.54,
    0.37,
    0.68,
    0.23,
    0.51,
    1.0,
    0.64,
    0.49,
    0.76,
    0.59,
    0.41,
    0.6,
    0.44,
    0.47,
    0.49,
    0.45,
    0.28,
    0.41
   ],
   [
    0.54,
    0.34,
    0.82,
    0.31,
    0.67,
    0.64,
    1.0,
    0.75,
    0.51,
    0.73,
    0.59,
    0.7,
    0.6,
    0.76,
    0.75,
    0.72,
    0.37,
    0.36
   ],
   [
    0.43,
    0.33,
    0.77,
    0.32,
    0.8,
    0.49,
    0.75,
    1.0,
    0.43,
    0.72,
    0.58,
    0.66,
    0.42,
    0.9,
    0.82,
    0.86,
    0.28,
    0.34
   ],
   [
    0.49,
    0.3,
    0.57,
    0.31,
    0.44,
    0.76,
    0.51,
    0.43,
    1.0,
    0.54,
    0.38,
    0.57,
    0.37,
    0.39,
    0.43,
    0.38,
    0.26,
    0.38
   ],
   [
    0.4,
    0.54,
    0.93,
    0.24,
    0.62,
    0.59,
    0.73,
    0.72,
    0.54,
    1.0,
    0.71,
    0.89,
    0.59,
    0.67,
    0.76,
    0.67,
    0.52,
    0.51
   ],
   [
    0.4,
    0.56,
    0.71,
    0.33,
    0.53,
    0.41,
    0.59,
    0.58,
    0.38,
    0.71,
    1.0,
    0.7,
    0.77,
    0.55,
    0.66,
    0.58,
    0.54,
    0.51
   ],
   [
    0.41,
    0.63,
    0.9,
    0.22,
    0.65,
    0.6,
    0.7,
    0.66,
    0.57,
    0.89,
    0.7,
    1.0,
    0.57,
    0.65,
    0.7,
    0.64,
    0.55,
    0.64
   ],
   [
    0.32,
    0.42,
    0.61,
    0.29,
    0.31,
    0.44,
    0.6,
    0.42,
    0.37,
    0.59,
    0.77,
    0.57,
    1.0,
    0.4,
    0.51,
    0.44,
    0.42,
    0.39
   ],
   [
    0.44,
    0.33,
    0.74,
    0.3,
    0.82,
    0.47,
    0.76,
    0.9,
    0.39,
    0.67,
    0.55,
    0.65,
    0.4,
    1.0,
    0.8,
    0.88,
    0.37,
    0.35
   ],
   [
    0.39,
    0.32,
    0.78,
    0.35,
    0.72,
    0.49,
    0.75,
    0.82,
    0.43,
    0.76,
    0.66,
    0.7,
    0.51,
    0.8,
    1.0,
    0.83,
    0.32,
    0.34
   ],
   [
    0.35,
    0.3,
    0.73,
    0.34,
    0.78,
    0.45,
    0.72,
    0.86,
    0.38,
    0.67,
    0.58,
    0.64,
    0.44,
    0.88,
    0.83,
    1.0,
    0.27,
    0.32
   ],
   [
    0.34,
    0.59,
    0.51,
    0.08,
    0.31,
    0.28,
    0.37,
    0.28,
    0.26,
    0.52,
    0.54,
    0.55,
    0.42,
    0.37,
    0.32,
    0.27,
    1.0,
    0.58
   ],
   [
    0.22,
    0.8,
    0.53,
    0.15,
    0.51,
    0.41,
    0.36,
    0.34,
    0.38,
    0.51,
    0.51,
    0.64,
    0.39,
    0.35,
    0.34,
    0.32,
    0.58,
    1.0
   ]
  ]
 },
 "contributions": [
  {
   "ticker": "SBSW",
   "side": "short",
   "weightPct": -4.6,
   "riskContribPct": 17.8,
   "mVaR": 27.7
  },
  {
   "ticker": "PLG",
   "side": "short",
   "weightPct": -4.3,
   "riskContribPct": 17.4,
   "mVaR": 27.1
  },
  {
   "ticker": "BEPC",
   "side": "short",
   "weightPct": -9.7,
   "riskContribPct": 14.9,
   "mVaR": 23.2
  },
  {
   "ticker": "BATT",
   "side": "short",
   "weightPct": -6.1,
   "riskContribPct": 13.0,
   "mVaR": 20.2
  },
  {
   "ticker": "LIT",
   "side": "short",
   "weightPct": -6.4,
   "riskContribPct": 10.8,
   "mVaR": 16.8
  },
  {
   "ticker": "KARS",
   "side": "short",
   "weightPct": -5.9,
   "riskContribPct": 9.8,
   "mVaR": 15.2
  },
  {
   "ticker": "KALU",
   "side": "short",
   "weightPct": -3.1,
   "riskContribPct": 7.4,
   "mVaR": 11.5
  },
  {
   "ticker": "PAAS",
   "side": "short",
   "weightPct": -2.1,
   "riskContribPct": 6.8,
   "mVaR": 10.5
  },
  {
   "ticker": "HL",
   "side": "short",
   "weightPct": -1.7,
   "riskContribPct": 6.6,
   "mVaR": 10.3
  },
  {
   "ticker": "CSTM",
   "side": "short",
   "weightPct": -2.5,
   "riskContribPct": 5.9,
   "mVaR": 9.2
  },
  {
   "ticker": "BVN",
   "side": "short",
   "weightPct": -1.8,
   "riskContribPct": 5.7,
   "mVaR": 8.8
  },
  {
   "ticker": "AA",
   "side": "short",
   "weightPct": -2.5,
   "riskContribPct": 5.1,
   "mVaR": 8.0
  },
  {
   "ticker": "ALB",
   "side": "long",
   "weightPct": 2.2,
   "riskContribPct": -2.1,
   "mVaR": -3.2
  },
  {
   "ticker": "SQM",
   "side": "long",
   "weightPct": 2.6,
   "riskContribPct": -2.4,
   "mVaR": -3.7
  },
  {
   "ticker": "SGML",
   "side": "long",
   "weightPct": 2.2,
   "riskContribPct": -2.5,
   "mVaR": -4.0
  },
  {
   "ticker": "MP",
   "side": "long",
   "weightPct": 1.6,
   "riskContribPct": -3.2,
   "mVaR": -5.0
  },
  {
   "ticker": "FCX",
   "side": "long",
   "weightPct": 1.7,
   "riskContribPct": -5.2,
   "mVaR": -8.1
  },
  {
   "ticker": "LAC",
   "side": "long",
   "weightPct": 2.2,
   "riskContribPct": -5.8,
   "mVaR": -9.0
  }
 ],
 "coverageNote": "18 of 18 holdings"
}
