{
 "updatedAt": "2026-07-20T17:53:39+00:00",
 "asOf": "2026-07-20",
 "window": 90,
 "obs": 21,
 "headline": {
  "annVol": 18.6,
  "betaSpy": 0.67,
  "betaXme": 0.19,
  "var1d95": -235,
  "var1d99": -457,
  "hhi": 699.0,
  "effectiveN": 14.3
 },
 "metrics": [
  {
   "k": "Annualized volatility",
   "v": "18.6%",
   "note": "from the account's daily TWR, 21 daily obs since inception",
   "tone": "neutral"
  },
  {
   "k": "Beta vs S&P 500 (SPY)",
   "v": "0.67",
   "note": "20 overlapping daily obs",
   "tone": "neutral"
  },
  {
   "k": "Beta vs metals (XME)",
   "v": "0.19",
   "note": "long/short damps directional metals beta",
   "tone": "pos"
  },
  {
   "k": "Avg pairwise correlation",
   "v": "0.49",
   "note": "trailing 90d daily returns, 22 of 22 holdings (0 OTC ex.)",
   "tone": "pos"
  },
  {
   "k": "1-day VaR (95%, historical)",
   "v": "-$235",
   "note": "-2.17% of NAV; 99% VaR -4.21% (-$457)",
   "tone": "neg"
  },
  {
   "k": "Worst day since inception",
   "v": "-4.21%",
   "note": "single worst daily TWR",
   "tone": "neg"
  },
  {
   "k": "Max drawdown (inception curve)",
   "v": "-11.6%",
   "note": "peak-to-trough on the cumulative TWR",
   "tone": "neg"
  },
  {
   "k": "Concentration (HHI / eff. N)",
   "v": "699 / 14.3",
   "note": "22 names, ~14.3 effective",
   "tone": "pos"
  }
 ],
 "avgCorr": 0.49,
 "correlations": [
  {
   "pair": "AG \u2013 PAAS",
   "v": 0.94
  },
  {
   "pair": "BATT \u2013 KARS",
   "v": 0.93
  },
  {
   "pair": "BEPC \u2013 SGML",
   "v": 0.1
  }
 ],
 "matrix": {
  "tickers": [
   "AA",
   "AG",
   "ALB",
   "BATT",
   "BEPC",
   "BVN",
   "CDE",
   "CENX",
   "CLF",
   "CMC",
   "CSTM",
   "HL",
   "KALU",
   "KARS",
   "LAC",
   "LIT",
   "PAAS",
   "PLG",
   "RS",
   "SBSW",
   "SGML",
   "SQM"
  ],
  "rows": [
   [
    1.0,
    0.4,
    0.32,
    0.45,
    0.22,
    0.45,
    0.37,
    0.83,
    0.4,
    0.32,
    0.52,
    0.39,
    0.53,
    0.43,
    0.39,
    0.42,
    0.42,
    0.38,
    0.34,
    0.34,
    0.34,
    0.24
   ],
   [
    0.4,
    1.0,
    0.4,
    0.74,
    0.33,
    0.8,
    0.89,
    0.35,
    0.45,
    0.3,
    0.46,
    0.93,
    0.45,
    0.66,
    0.59,
    0.65,
    0.94,
    0.84,
    0.22,
    0.84,
    0.39,
    0.39
   ],
   [
    0.32,
    0.4,
    1.0,
    0.59,
    0.12,
    0.49,
    0.31,
    0.27,
    0.41,
    0.24,
    0.39,
    0.34,
    0.35,
    0.56,
    0.56,
    0.64,
    0.34,
    0.34,
    0.24,
    0.32,
    0.6,
    0.81
   ],
   [
    0.45,
    0.74,
    0.59,
    1.0,
    0.34,
    0.7,
    0.75,
    0.39,
    0.56,
    0.49,
    0.69,
    0.76,
    0.62,
    0.93,
    0.71,
    0.9,
    0.73,
    0.77,
    0.43,
    0.72,
    0.52,
    0.54
   ],
   [
    0.22,
    0.33,
    0.12,
    0.34,
    1.0,
    0.41,
    0.37,
    0.17,
    0.3,
    0.32,
    0.26,
    0.37,
    0.32,
    0.28,
    0.35,
    0.25,
    0.35,
    0.4,
    0.24,
    0.42,
    0.1,
    0.18
   ],
   [
    0.45,
    0.8,
    0.49,
    0.7,
    0.41,
    1.0,
    0.76,
    0.37,
    0.51,
    0.49,
    0.52,
    0.8,
    0.51,
    0.62,
    0.53,
    0.66,
    0.82,
    0.72,
    0.4,
    0.78,
    0.33,
    0.51
   ],
   [
    0.37,
    0.89,
    0.31,
    0.75,
    0.37,
    0.76,
    1.0,
    0.32,
    0.45,
    0.36,
    0.46,
    0.9,
    0.45,
    0.68,
    0.53,
    0.64,
    0.87,
    0.83,
    0.25,
    0.85,
    0.32,
    0.31
   ],
   [
    0.83,
    0.35,
    0.27,
    0.39,
    0.17,
    0.37,
    0.32,
    1.0,
    0.31,
    0.27,
    0.45,
    0.32,
    0.48,
    0.36,
    0.35,
    0.33,
    0.32,
    0.38,
    0.33,
    0.28,
    0.33,
    0.2
   ],
   [
    0.4,
    0.45,
    0.41,
    0.56,
    0.3,
    0.51,
    0.45,
    0.31,
    1.0,
    0.58,
    0.54,
    0.47,
    0.49,
    0.53,
    0.51,
    0.54,
    0.46,
    0.5,
    0.61,
    0.55,
    0.27,
    0.39
   ],
   [
    0.32,
    0.3,
    0.24,
    0.49,
    0.32,
    0.49,
    0.36,
    0.27,
    0.58,
    1.0,
    0.54,
    0.3,
    0.52,
    0.4,
    0.3,
    0.48,
    0.31,
    0.37,
    0.78,
    0.43,
    0.21,
    0.26
   ],
   [
    0.52,
    0.46,
    0.39,
    0.69,
    0.26,
    0.52,
    0.46,
    0.45,
    0.54,
    0.54,
    1.0,
    0.49,
    0.79,
    0.6,
    0.41,
    0.61,
    0.46,
    0.48,
    0.59,
    0.45,
    0.29,
    0.42
   ],
   [
    0.39,
    0.93,
    0.34,
    0.76,
    0.37,
    0.8,
    0.9,
    0.32,
    0.47,
    0.3,
    0.49,
    1.0,
    0.47,
    0.7,
    0.57,
    0.65,
    0.89,
    0.8,
    0.22,
    0.85,
    0.29,
    0.34
   ],
   [
    0.53,
    0.45,
    0.35,
    0.62,
    0.32,
    0.51,
    0.45,
    0.48,
    0.49,
    0.52,
    0.79,
    0.47,
    1.0,
    0.6,
    0.42,
    0.6,
    0.44,
    0.49,
    0.55,
    0.43,
    0.3,
    0.42
   ],
   [
    0.43,
    0.66,
    0.56,
    0.93,
    0.28,
    0.62,
    0.68,
    0.36,
    0.53,
    0.4,
    0.6,
    0.7,
    0.6,
    1.0,
    0.69,
    0.9,
    0.65,
    0.74,
    0.38,
    0.66,
    0.52,
    0.52
   ],
   [
    0.39,
    0.59,
    0.56,
    0.71,
    0.35,
    0.53,
    0.53,
    0.35,
    0.51,
    0.3,
    0.41,
    0.57,
    0.42,
    0.69,
    1.0,
    0.7,
    0.55,
    0.65,
    0.35,
    0.56,
    0.54,
    0.51
   ],
   [
    0.42,
    0.65,
    0.64,
    0.9,
    0.25,
    0.66,
    0.64,
    0.33,
    0.54,
    0.48,
    0.61,
    0.65,
    0.6,
    0.9,
    0.7,
    1.0,
    0.64,
    0.68,
    0.46,
    0.63,
    0.56,
    0.64
   ],
   [
    0.42,
    0.94,
    0.34,
    0.73,
    0.35,
    0.82,
    0.87,
    0.32,
    0.46,
    0.31,
    0.46,
    0.89,
    0.44,
    0.65,
    0.55,
    0.64,
    1.0,
    0.8,
    0.23,
    0.87,
    0.39,
    0.35
   ],
   [
    0.38,
    0.84,
    0.34,
    0.77,
    0.4,
    0.72,
    0.83,
    0.38,
    0.5,
    0.37,
    0.48,
    0.8,
    0.49,
    0.74,
    0.65,
    0.68,
    0.8,
    1.0,
    0.35,
    0.81,
    0.35,
    0.35
   ],
   [
    0.34,
    0.22,
    0.24,
    0.43,
    0.24,
    0.4,
    0.25,
    0.33,
    0.61,
    0.78,
    0.59,
    0.22,
    0.55,
    0.38,
    0.35,
    0.46,
    0.23,
    0.35,
    1.0,
    0.31,
    0.18,
    0.29
   ],
   [
    0.34,
    0.84,
    0.32,
    0.72,
    0.42,
    0.78,
    0.85,
    0.28,
    0.55,
    0.43,
    0.45,
    0.85,
    0.43,
    0.66,
    0.56,
    0.63,
    0.87,
    0.81,
    0.31,
    1.0,
    0.29,
    0.32
   ],
   [
    0.34,
    0.39,
    0.6,
    0.52,
    0.1,
    0.33,
    0.32,
    0.33,
    0.27,
    0.21,
    0.29,
    0.29,
    0.3,
    0.52,
    0.54,
    0.56,
    0.39,
    0.35,
    0.18,
    0.29,
    1.0,
    0.59
   ],
   [
    0.24,
    0.39,
    0.81,
    0.54,
    0.18,
    0.51,
    0.31,
    0.2,
    0.39,
    0.26,
    0.42,
    0.34,
    0.42,
    0.52,
    0.51,
    0.64,
    0.35,
    0.35,
    0.29,
    0.32,
    0.59,
    1.0
   ]
  ]
 },
 "contributions": [
  {
   "ticker": "BEPC",
   "side": "short",
   "weightPct": -9.7,
   "riskContribPct": 19.2,
   "mVaR": 27.0
  },
  {
   "ticker": "PLG",
   "side": "short",
   "weightPct": -2.3,
   "riskContribPct": 10.0,
   "mVaR": 14.1
  },
  {
   "ticker": "SBSW",
   "side": "short",
   "weightPct": -2.3,
   "riskContribPct": 10.0,
   "mVaR": 14.1
  },
  {
   "ticker": "BATT",
   "side": "short",
   "weightPct": -3.3,
   "riskContribPct": 7.5,
   "mVaR": 10.5
  },
  {
   "ticker": "CDE",
   "side": "short",
   "weightPct": -1.6,
   "riskContribPct": 7.4,
   "mVaR": 10.4
  },
  {
   "ticker": "HL",
   "side": "short",
   "weightPct": -1.6,
   "riskContribPct": 6.6,
   "mVaR": 9.3
  },
  {
   "ticker": "AG",
   "side": "short",
   "weightPct": -1.5,
   "riskContribPct": 6.5,
   "mVaR": 9.2
  },
  {
   "ticker": "BVN",
   "side": "short",
   "weightPct": -1.7,
   "riskContribPct": 6.0,
   "mVaR": 8.4
  },
  {
   "ticker": "KARS",
   "side": "short",
   "weightPct": -3.5,
   "riskContribPct": 5.9,
   "mVaR": 8.4
  },
  {
   "ticker": "PAAS",
   "side": "short",
   "weightPct": -1.6,
   "riskContribPct": 5.5,
   "mVaR": 7.8
  },
  {
   "ticker": "LIT",
   "side": "short",
   "weightPct": -3.1,
   "riskContribPct": 5.3,
   "mVaR": 7.4
  },
  {
   "ticker": "RS",
   "side": "short",
   "weightPct": -3.5,
   "riskContribPct": 3.7,
   "mVaR": 5.2
  },
  {
   "ticker": "KALU",
   "side": "short",
   "weightPct": -1.4,
   "riskContribPct": 3.6,
   "mVaR": 5.0
  },
  {
   "ticker": "CLF",
   "side": "short",
   "weightPct": -1.2,
   "riskContribPct": 3.4,
   "mVaR": 4.7
  },
  {
   "ticker": "CMC",
   "side": "short",
   "weightPct": -1.8,
   "riskContribPct": 3.4,
   "mVaR": 4.8
  },
  {
   "ticker": "CSTM",
   "side": "short",
   "weightPct": -1.3,
   "riskContribPct": 3.3,
   "mVaR": 4.6
  },
  {
   "ticker": "AA",
   "side": "short",
   "weightPct": -1.2,
   "riskContribPct": 2.9,
   "mVaR": 4.0
  },
  {
   "ticker": "CENX",
   "side": "short",
   "weightPct": -1.1,
   "riskContribPct": 2.6,
   "mVaR": 3.7
  },
  {
   "ticker": "ALB",
   "side": "long",
   "weightPct": 2.2,
   "riskContribPct": -1.9,
   "mVaR": -2.7
  },
  {
   "ticker": "SQM",
   "side": "long",
   "weightPct": 2.5,
   "riskContribPct": -2.2,
   "mVaR": -3.0
  },
  {
   "ticker": "SGML",
   "side": "long",
   "weightPct": 2.3,
   "riskContribPct": -2.4,
   "mVaR": -3.4
  },
  {
   "ticker": "LAC",
   "side": "long",
   "weightPct": 2.3,
   "riskContribPct": -6.3,
   "mVaR": -8.9
  }
 ],
 "coverageNote": "22 of 22 holdings"
}
