{
 "updatedAt": "2026-07-23T15:31:08+00:00",
 "asOf": "2026-07-23",
 "window": 90,
 "obs": 24,
 "headline": {
  "annVol": 17.7,
  "betaSpy": 0.56,
  "betaXme": 0.11,
  "var1d95": -232,
  "var1d99": -451,
  "hhi": 583.0,
  "effectiveN": 17.2
 },
 "metrics": [
  {
   "k": "Annualized volatility",
   "v": "17.7%",
   "note": "from the account's daily TWR, 24 daily obs since inception",
   "tone": "neutral"
  },
  {
   "k": "Beta vs S&P 500 (SPY)",
   "v": "0.56",
   "note": "22 overlapping daily obs",
   "tone": "neutral"
  },
  {
   "k": "Beta vs metals (XME)",
   "v": "0.11",
   "note": "long/short damps directional metals beta",
   "tone": "pos"
  },
  {
   "k": "Avg pairwise correlation",
   "v": "0.49",
   "note": "trailing 90d daily returns, 23 of 23 holdings (0 OTC ex.)",
   "tone": "pos"
  },
  {
   "k": "1-day VaR (95%, historical)",
   "v": "-$232",
   "note": "-2.17% of NAV; 99% VaR -4.21% (-$451)",
   "tone": "neg"
  },
  {
   "k": "Worst day since inception",
   "v": "-4.21%",
   "note": "single worst daily TWR",
   "tone": "neg"
  },
  {
   "k": "Max drawdown (inception curve)",
   "v": "-12.6%",
   "note": "peak-to-trough on the cumulative TWR",
   "tone": "neg"
  },
  {
   "k": "Concentration (HHI / eff. N)",
   "v": "583 / 17.2",
   "note": "23 names, ~17.2 effective",
   "tone": "pos"
  }
 ],
 "avgCorr": 0.49,
 "correlations": [
  {
   "pair": "AG \u2013 PAAS",
   "v": 0.94
  },
  {
   "pair": "AG \u2013 HL",
   "v": 0.94
  },
  {
   "pair": "BEPC \u2013 SGML",
   "v": 0.09
  }
 ],
 "matrix": {
  "tickers": [
   "AA",
   "AG",
   "ALB",
   "BATT",
   "BEPC",
   "BVN",
   "CDE",
   "CENX",
   "CMC",
   "CSTM",
   "FCX",
   "HL",
   "KALU",
   "KARS",
   "LAC",
   "LIT",
   "MP",
   "PAAS",
   "PLG",
   "RS",
   "SBSW",
   "SGML",
   "SQM"
  ],
  "rows": [
   [
    1.0,
    0.44,
    0.31,
    0.46,
    0.19,
    0.48,
    0.41,
    0.81,
    0.34,
    0.55,
    0.55,
    0.44,
    0.49,
    0.41,
    0.39,
    0.41,
    0.33,
    0.44,
    0.39,
    0.28,
    0.37,
    0.34,
    0.23
   ],
   [
    0.44,
    1.0,
    0.39,
    0.75,
    0.28,
    0.8,
    0.9,
    0.37,
    0.3,
    0.47,
    0.76,
    0.94,
    0.38,
    0.68,
    0.6,
    0.66,
    0.44,
    0.94,
    0.84,
    0.16,
    0.84,
    0.36,
    0.39
   ],
   [
    0.31,
    0.39,
    1.0,
    0.58,
    0.1,
    0.47,
    0.3,
    0.26,
    0.22,
    0.38,
    0.35,
    0.34,
    0.31,
    0.55,
    0.56,
    0.63,
    0.42,
    0.33,
    0.32,
    0.21,
    0.31,
    0.59,
    0.8
   ],
   [
    0.46,
    0.75,
    0.58,
    1.0,
    0.31,
    0.7,
    0.76,
    0.4,
    0.49,
    0.69,
    0.82,
    0.77,
    0.58,
    0.93,
    0.71,
    0.9,
    0.61,
    0.74,
    0.78,
    0.38,
    0.73,
    0.51,
    0.54
   ],
   [
    0.19,
    0.28,
    0.1,
    0.31,
    1.0,
    0.37,
    0.33,
    0.15,
    0.31,
    0.24,
    0.33,
    0.33,
    0.29,
    0.27,
    0.34,
    0.23,
    0.31,
    0.31,
    0.36,
    0.22,
    0.37,
    0.09,
    0.16
   ],
   [
    0.48,
    0.8,
    0.47,
    0.7,
    0.37,
    1.0,
    0.77,
    0.38,
    0.49,
    0.52,
    0.68,
    0.8,
    0.45,
    0.62,
    0.53,
    0.66,
    0.32,
    0.82,
    0.72,
    0.34,
    0.78,
    0.31,
    0.51
   ],
   [
    0.41,
    0.9,
    0.3,
    0.76,
    0.33,
    0.77,
    1.0,
    0.35,
    0.38,
    0.47,
    0.74,
    0.9,
    0.4,
    0.7,
    0.53,
    0.65,
    0.39,
    0.88,
    0.84,
    0.2,
    0.86,
    0.3,
    0.31
   ],
   [
    0.81,
    0.37,
    0.26,
    0.4,
    0.15,
    0.38,
    0.35,
    1.0,
    0.28,
    0.47,
    0.48,
    0.35,
    0.46,
    0.34,
    0.35,
    0.32,
    0.31,
    0.34,
    0.39,
    0.26,
    0.31,
    0.33,
    0.18
   ],
   [
    0.34,
    0.3,
    0.22,
    0.49,
    0.31,
    0.49,
    0.38,
    0.28,
    1.0,
    0.54,
    0.5,
    0.32,
    0.48,
    0.4,
    0.31,
    0.48,
    0.27,
    0.33,
    0.37,
    0.72,
    0.45,
    0.18,
    0.25
   ],
   [
    0.55,
    0.47,
    0.38,
    0.69,
    0.24,
    0.52,
    0.47,
    0.47,
    0.54,
    1.0,
    0.64,
    0.5,
    0.75,
    0.6,
    0.41,
    0.61,
    0.45,
    0.47,
    0.49,
    0.55,
    0.46,
    0.28,
    0.41
   ],
   [
    0.55,
    0.76,
    0.35,
    0.82,
    0.33,
    0.68,
    0.74,
    0.48,
    0.5,
    0.64,
    1.0,
    0.76,
    0.48,
    0.73,
    0.59,
    0.7,
    0.61,
    0.76,
    0.75,
    0.36,
    0.73,
    0.37,
    0.36
   ],
   [
    0.44,
    0.94,
    0.34,
    0.77,
    0.33,
    0.8,
    0.9,
    0.35,
    0.32,
    0.5,
    0.76,
    1.0,
    0.42,
    0.72,
    0.58,
    0.66,
    0.43,
    0.9,
    0.82,
    0.18,
    0.86,
    0.28,
    0.34
   ],
   [
    0.49,
    0.38,
    0.31,
    0.58,
    0.29,
    0.45,
    0.4,
    0.46,
    0.48,
    0.75,
    0.48,
    0.42,
    1.0,
    0.54,
    0.39,
    0.56,
    0.35,
    0.39,
    0.43,
    0.55,
    0.39,
    0.26,
    0.39
   ],
   [
    0.41,
    0.68,
    0.55,
    0.93,
    0.27,
    0.62,
    0.7,
    0.34,
    0.4,
    0.6,
    0.73,
    0.72,
    0.54,
    1.0,
    0.7,
    0.89,
    0.59,
    0.67,
    0.75,
    0.32,
    0.68,
    0.51,
    0.51
   ],
   [
    0.39,
    0.6,
    0.56,
    0.71,
    0.34,
    0.53,
    0.53,
    0.35,
    0.31,
    0.41,
    0.59,
    0.58,
    0.39,
    0.7,
    1.0,
    0.7,
    0.77,
    0.55,
    0.66,
    0.31,
    0.57,
    0.53,
    0.51
   ],
   [
    0.41,
    0.66,
    0.63,
    0.9,
    0.23,
    0.66,
    0.65,
    0.32,
    0.48,
    0.61,
    0.7,
    0.66,
    0.56,
    0.89,
    0.7,
    1.0,
    0.57,
    0.65,
    0.7,
    0.42,
    0.65,
    0.55,
    0.64
   ],
   [
    0.33,
    0.44,
    0.42,
    0.61,
    0.31,
    0.32,
    0.39,
    0.31,
    0.27,
    0.45,
    0.61,
    0.43,
    0.35,
    0.59,
    0.77,
    0.57,
    1.0,
    0.41,
    0.52,
    0.27,
    0.46,
    0.41,
    0.39
   ],
   [
    0.44,
    0.94,
    0.33,
    0.74,
    0.31,
    0.82,
    0.88,
    0.34,
    0.33,
    0.47,
    0.76,
    0.9,
    0.39,
    0.67,
    0.55,
    0.65,
    0.41,
    1.0,
    0.8,
    0.18,
    0.88,
    0.37,
    0.35
   ],
   [
    0.39,
    0.84,
    0.32,
    0.78,
    0.36,
    0.72,
    0.84,
    0.39,
    0.37,
    0.49,
    0.75,
    0.82,
    0.43,
    0.75,
    0.66,
    0.7,
    0.52,
    0.8,
    1.0,
    0.27,
    0.82,
    0.32,
    0.34
   ],
   [
    0.28,
    0.16,
    0.21,
    0.38,
    0.22,
    0.34,
    0.2,
    0.26,
    0.72,
    0.55,
    0.36,
    0.18,
    0.55,
    0.32,
    0.31,
    0.42,
    0.27,
    0.18,
    0.27,
    1.0,
    0.26,
    0.15,
    0.27
   ],
   [
    0.37,
    0.84,
    0.31,
    0.73,
    0.37,
    0.78,
    0.86,
    0.31,
    0.45,
    0.46,
    0.73,
    0.86,
    0.39,
    0.68,
    0.57,
    0.65,
    0.46,
    0.88,
    0.82,
    0.26,
    1.0,
    0.27,
    0.33
   ],
   [
    0.34,
    0.36,
    0.59,
    0.51,
    0.09,
    0.31,
    0.3,
    0.33,
    0.18,
    0.28,
    0.37,
    0.28,
    0.26,
    0.51,
    0.53,
    0.55,
    0.41,
    0.37,
    0.32,
    0.15,
    0.27,
    1.0,
    0.58
   ],
   [
    0.23,
    0.39,
    0.8,
    0.54,
    0.16,
    0.51,
    0.31,
    0.18,
    0.25,
    0.41,
    0.36,
    0.34,
    0.39,
    0.51,
    0.51,
    0.64,
    0.39,
    0.35,
    0.34,
    0.27,
    0.33,
    0.58,
    1.0
   ]
  ]
 },
 "contributions": [
  {
   "ticker": "SBSW",
   "side": "short",
   "weightPct": -4.5,
   "riskContribPct": 13.8,
   "mVaR": 28.1
  },
  {
   "ticker": "PLG",
   "side": "short",
   "weightPct": -4.4,
   "riskContribPct": 13.6,
   "mVaR": 27.7
  },
  {
   "ticker": "BEPC",
   "side": "short",
   "weightPct": -9.5,
   "riskContribPct": 10.6,
   "mVaR": 21.5
  },
  {
   "ticker": "BATT",
   "side": "short",
   "weightPct": -6.2,
   "riskContribPct": 10.5,
   "mVaR": 21.3
  },
  {
   "ticker": "LIT",
   "side": "short",
   "weightPct": -6.4,
   "riskContribPct": 8.6,
   "mVaR": 17.6
  },
  {
   "ticker": "KARS",
   "side": "short",
   "weightPct": -6.1,
   "riskContribPct": 7.9,
   "mVaR": 16.1
  },
  {
   "ticker": "KALU",
   "side": "short",
   "weightPct": -3.3,
   "riskContribPct": 6.0,
   "mVaR": 12.2
  },
  {
   "ticker": "CMC",
   "side": "short",
   "weightPct": -4.4,
   "riskContribPct": 5.8,
   "mVaR": 11.8
  },
  {
   "ticker": "CDE",
   "side": "short",
   "weightPct": -1.7,
   "riskContribPct": 5.7,
   "mVaR": 11.7
  },
  {
   "ticker": "AG",
   "side": "short",
   "weightPct": -1.7,
   "riskContribPct": 5.4,
   "mVaR": 10.9
  },
  {
   "ticker": "PAAS",
   "side": "short",
   "weightPct": -2.0,
   "riskContribPct": 5.2,
   "mVaR": 10.5
  },
  {
   "ticker": "HL",
   "side": "short",
   "weightPct": -1.7,
   "riskContribPct": 5.0,
   "mVaR": 10.3
  },
  {
   "ticker": "CSTM",
   "side": "short",
   "weightPct": -2.4,
   "riskContribPct": 4.8,
   "mVaR": 9.7
  },
  {
   "ticker": "AA",
   "side": "short",
   "weightPct": -2.6,
   "riskContribPct": 4.7,
   "mVaR": 9.7
  },
  {
   "ticker": "BVN",
   "side": "short",
   "weightPct": -1.8,
   "riskContribPct": 4.6,
   "mVaR": 9.3
  },
  {
   "ticker": "CENX",
   "side": "short",
   "weightPct": -2.5,
   "riskContribPct": 4.5,
   "mVaR": 9.3
  },
  {
   "ticker": "RS",
   "side": "short",
   "weightPct": -3.6,
   "riskContribPct": 2.4,
   "mVaR": 4.9
  },
  {
   "ticker": "ALB",
   "side": "long",
   "weightPct": 2.2,
   "riskContribPct": -1.9,
   "mVaR": -3.9
  },
  {
   "ticker": "SQM",
   "side": "long",
   "weightPct": 2.6,
   "riskContribPct": -2.1,
   "mVaR": -4.3
  },
  {
   "ticker": "MP",
   "side": "long",
   "weightPct": 1.7,
   "riskContribPct": -2.8,
   "mVaR": -5.7
  },
  {
   "ticker": "SGML",
   "side": "long",
   "weightPct": 2.4,
   "riskContribPct": -2.8,
   "mVaR": -5.8
  },
  {
   "ticker": "FCX",
   "side": "long",
   "weightPct": 1.8,
   "riskContribPct": -4.5,
   "mVaR": -9.1
  },
  {
   "ticker": "LAC",
   "side": "long",
   "weightPct": 2.3,
   "riskContribPct": -4.8,
   "mVaR": -9.8
  }
 ],
 "coverageNote": "23 of 23 holdings"
}
