{
 "updatedAt": "2026-07-20T15:27:37+00:00",
 "asOf": "2026-07-20",
 "window": 90,
 "obs": 21,
 "headline": {
  "annVol": 18.5,
  "betaSpy": 0.66,
  "betaXme": 0.19,
  "var1d95": -234,
  "var1d99": -455,
  "hhi": 577.0,
  "effectiveN": 17.3
 },
 "metrics": [
  {
   "k": "Annualized volatility",
   "v": "18.5%",
   "note": "from the account's daily TWR, 21 daily obs since inception",
   "tone": "neutral"
  },
  {
   "k": "Beta vs S&P 500 (SPY)",
   "v": "0.66",
   "note": "19 overlapping daily obs",
   "tone": "neutral"
  },
  {
   "k": "Beta vs metals (XME)",
   "v": "0.19",
   "note": "long/short damps directional metals beta",
   "tone": "pos"
  },
  {
   "k": "Avg pairwise correlation",
   "v": "0.47",
   "note": "trailing 90d daily returns, 25 of 25 holdings (0 OTC ex.)",
   "tone": "pos"
  },
  {
   "k": "1-day VaR (95%, historical)",
   "v": "-$234",
   "note": "-2.17% of NAV; 99% VaR -4.21% (-$455)",
   "tone": "neg"
  },
  {
   "k": "Worst day since inception",
   "v": "-4.21%",
   "note": "single worst daily TWR",
   "tone": "neg"
  },
  {
   "k": "Max drawdown (inception curve)",
   "v": "-11.6%",
   "note": "peak-to-trough on the cumulative TWR",
   "tone": "neg"
  },
  {
   "k": "Concentration (HHI / eff. N)",
   "v": "577 / 17.3",
   "note": "25 names, ~17.3 effective",
   "tone": "pos"
  }
 ],
 "avgCorr": 0.47,
 "correlations": [
  {
   "pair": "AG \u2013 PAAS",
   "v": 0.94
  },
  {
   "pair": "BATT \u2013 KARS",
   "v": 0.93
  },
  {
   "pair": "BEPC \u2013 SGML",
   "v": 0.1
  }
 ],
 "matrix": {
  "tickers": [
   "AA",
   "AG",
   "ALB",
   "BATT",
   "BEPC",
   "BVN",
   "CDE",
   "CENX",
   "CLF",
   "CMC",
   "CSTM",
   "HL",
   "KALU",
   "KARS",
   "LAC",
   "LIT",
   "NUE",
   "PAAS",
   "PLG",
   "RS",
   "SBSW",
   "SGML",
   "SQM",
   "STLD",
   "TSLA"
  ],
  "rows": [
   [
    1.0,
    0.4,
    0.32,
    0.45,
    0.22,
    0.45,
    0.37,
    0.83,
    0.4,
    0.32,
    0.52,
    0.39,
    0.53,
    0.43,
    0.39,
    0.42,
    0.38,
    0.42,
    0.38,
    0.34,
    0.34,
    0.34,
    0.24,
    0.45,
    0.32
   ],
   [
    0.4,
    1.0,
    0.4,
    0.74,
    0.33,
    0.8,
    0.89,
    0.35,
    0.45,
    0.3,
    0.47,
    0.93,
    0.45,
    0.66,
    0.59,
    0.65,
    0.27,
    0.94,
    0.84,
    0.23,
    0.84,
    0.39,
    0.39,
    0.26,
    0.5
   ],
   [
    0.32,
    0.4,
    1.0,
    0.59,
    0.11,
    0.48,
    0.31,
    0.27,
    0.41,
    0.24,
    0.39,
    0.34,
    0.35,
    0.56,
    0.56,
    0.64,
    0.27,
    0.34,
    0.34,
    0.25,
    0.32,
    0.6,
    0.81,
    0.28,
    0.25
   ],
   [
    0.45,
    0.74,
    0.59,
    1.0,
    0.33,
    0.7,
    0.75,
    0.39,
    0.56,
    0.49,
    0.69,
    0.76,
    0.62,
    0.93,
    0.71,
    0.9,
    0.43,
    0.73,
    0.77,
    0.43,
    0.72,
    0.52,
    0.54,
    0.45,
    0.63
   ],
   [
    0.22,
    0.33,
    0.11,
    0.33,
    1.0,
    0.41,
    0.37,
    0.16,
    0.3,
    0.32,
    0.26,
    0.37,
    0.32,
    0.27,
    0.34,
    0.25,
    0.17,
    0.35,
    0.4,
    0.25,
    0.42,
    0.1,
    0.18,
    0.15,
    0.22
   ],
   [
    0.45,
    0.8,
    0.48,
    0.7,
    0.41,
    1.0,
    0.76,
    0.37,
    0.51,
    0.49,
    0.52,
    0.8,
    0.51,
    0.62,
    0.53,
    0.66,
    0.41,
    0.82,
    0.72,
    0.4,
    0.78,
    0.33,
    0.51,
    0.42,
    0.37
   ],
   [
    0.37,
    0.89,
    0.31,
    0.75,
    0.37,
    0.76,
    1.0,
    0.32,
    0.45,
    0.36,
    0.46,
    0.9,
    0.45,
    0.68,
    0.53,
    0.64,
    0.28,
    0.87,
    0.83,
    0.25,
    0.85,
    0.32,
    0.31,
    0.26,
    0.44
   ],
   [
    0.83,
    0.35,
    0.27,
    0.39,
    0.16,
    0.37,
    0.32,
    1.0,
    0.31,
    0.27,
    0.45,
    0.32,
    0.48,
    0.36,
    0.35,
    0.33,
    0.34,
    0.33,
    0.38,
    0.33,
    0.28,
    0.33,
    0.2,
    0.42,
    0.33
   ],
   [
    0.4,
    0.45,
    0.41,
    0.56,
    0.3,
    0.51,
    0.45,
    0.31,
    1.0,
    0.58,
    0.53,
    0.47,
    0.49,
    0.53,
    0.51,
    0.54,
    0.59,
    0.46,
    0.5,
    0.61,
    0.55,
    0.27,
    0.39,
    0.55,
    0.26
   ],
   [
    0.32,
    0.3,
    0.24,
    0.49,
    0.32,
    0.49,
    0.36,
    0.27,
    0.58,
    1.0,
    0.54,
    0.3,
    0.52,
    0.4,
    0.3,
    0.48,
    0.75,
    0.32,
    0.38,
    0.77,
    0.43,
    0.21,
    0.26,
    0.7,
    0.21
   ],
   [
    0.52,
    0.47,
    0.39,
    0.69,
    0.26,
    0.52,
    0.46,
    0.45,
    0.53,
    0.54,
    1.0,
    0.49,
    0.79,
    0.6,
    0.42,
    0.61,
    0.57,
    0.46,
    0.48,
    0.59,
    0.45,
    0.29,
    0.41,
    0.56,
    0.42
   ],
   [
    0.39,
    0.93,
    0.34,
    0.76,
    0.37,
    0.8,
    0.9,
    0.32,
    0.47,
    0.3,
    0.49,
    1.0,
    0.47,
    0.7,
    0.57,
    0.65,
    0.27,
    0.89,
    0.8,
    0.23,
    0.85,
    0.29,
    0.34,
    0.25,
    0.5
   ],
   [
    0.53,
    0.45,
    0.35,
    0.62,
    0.32,
    0.51,
    0.45,
    0.48,
    0.49,
    0.52,
    0.79,
    0.47,
    1.0,
    0.6,
    0.42,
    0.6,
    0.54,
    0.44,
    0.49,
    0.55,
    0.43,
    0.3,
    0.42,
    0.59,
    0.44
   ],
   [
    0.43,
    0.66,
    0.56,
    0.93,
    0.27,
    0.62,
    0.68,
    0.36,
    0.53,
    0.4,
    0.6,
    0.7,
    0.6,
    1.0,
    0.69,
    0.9,
    0.38,
    0.65,
    0.74,
    0.39,
    0.66,
    0.52,
    0.52,
    0.39,
    0.64
   ],
   [
    0.39,
    0.59,
    0.56,
    0.71,
    0.34,
    0.53,
    0.53,
    0.35,
    0.51,
    0.3,
    0.42,
    0.57,
    0.42,
    0.69,
    1.0,
    0.7,
    0.29,
    0.55,
    0.65,
    0.36,
    0.56,
    0.54,
    0.51,
    0.31,
    0.42
   ],
   [
    0.42,
    0.65,
    0.64,
    0.9,
    0.25,
    0.66,
    0.64,
    0.33,
    0.54,
    0.48,
    0.61,
    0.65,
    0.6,
    0.9,
    0.7,
    1.0,
    0.43,
    0.64,
    0.68,
    0.46,
    0.63,
    0.56,
    0.64,
    0.44,
    0.53
   ],
   [
    0.38,
    0.27,
    0.27,
    0.43,
    0.17,
    0.41,
    0.28,
    0.34,
    0.59,
    0.75,
    0.57,
    0.27,
    0.54,
    0.38,
    0.29,
    0.43,
    1.0,
    0.27,
    0.36,
    0.78,
    0.34,
    0.21,
    0.29,
    0.9,
    0.16
   ],
   [
    0.42,
    0.94,
    0.34,
    0.73,
    0.35,
    0.82,
    0.87,
    0.33,
    0.46,
    0.32,
    0.46,
    0.89,
    0.44,
    0.65,
    0.55,
    0.64,
    0.27,
    1.0,
    0.8,
    0.24,
    0.87,
    0.39,
    0.35,
    0.28,
    0.43
   ],
   [
    0.38,
    0.84,
    0.34,
    0.77,
    0.4,
    0.72,
    0.83,
    0.38,
    0.5,
    0.38,
    0.48,
    0.8,
    0.49,
    0.74,
    0.65,
    0.68,
    0.36,
    0.8,
    1.0,
    0.35,
    0.81,
    0.35,
    0.35,
    0.36,
    0.51
   ],
   [
    0.34,
    0.23,
    0.25,
    0.43,
    0.25,
    0.4,
    0.25,
    0.33,
    0.61,
    0.77,
    0.59,
    0.23,
    0.55,
    0.39,
    0.36,
    0.46,
    0.78,
    0.24,
    0.35,
    1.0,
    0.31,
    0.19,
    0.29,
    0.75,
    0.17
   ],
   [
    0.34,
    0.84,
    0.32,
    0.72,
    0.42,
    0.78,
    0.85,
    0.28,
    0.55,
    0.43,
    0.45,
    0.85,
    0.43,
    0.66,
    0.56,
    0.63,
    0.34,
    0.87,
    0.81,
    0.31,
    1.0,
    0.29,
    0.32,
    0.38,
    0.39
   ],
   [
    0.34,
    0.39,
    0.6,
    0.52,
    0.1,
    0.33,
    0.32,
    0.33,
    0.27,
    0.21,
    0.29,
    0.29,
    0.3,
    0.52,
    0.54,
    0.56,
    0.21,
    0.39,
    0.35,
    0.19,
    0.29,
    1.0,
    0.59,
    0.21,
    0.18
   ],
   [
    0.24,
    0.39,
    0.81,
    0.54,
    0.18,
    0.51,
    0.31,
    0.2,
    0.39,
    0.26,
    0.41,
    0.34,
    0.42,
    0.52,
    0.51,
    0.64,
    0.29,
    0.35,
    0.35,
    0.29,
    0.32,
    0.59,
    1.0,
    0.3,
    0.18
   ],
   [
    0.45,
    0.26,
    0.28,
    0.45,
    0.15,
    0.42,
    0.26,
    0.42,
    0.55,
    0.7,
    0.56,
    0.25,
    0.59,
    0.39,
    0.31,
    0.44,
    0.9,
    0.28,
    0.36,
    0.75,
    0.38,
    0.21,
    0.3,
    1.0,
    0.21
   ],
   [
    0.32,
    0.5,
    0.25,
    0.63,
    0.22,
    0.37,
    0.44,
    0.33,
    0.26,
    0.21,
    0.42,
    0.5,
    0.44,
    0.64,
    0.42,
    0.53,
    0.16,
    0.43,
    0.51,
    0.17,
    0.39,
    0.18,
    0.18,
    0.21,
    1.0
   ]
  ]
 },
 "contributions": [
  {
   "ticker": "BEPC",
   "side": "short",
   "weightPct": -9.7,
   "riskContribPct": 15.5,
   "mVaR": 25.3
  },
  {
   "ticker": "PLG",
   "side": "short",
   "weightPct": -2.3,
   "riskContribPct": 8.8,
   "mVaR": 14.4
  },
  {
   "ticker": "SBSW",
   "side": "short",
   "weightPct": -2.3,
   "riskContribPct": 8.6,
   "mVaR": 14.0
  },
  {
   "ticker": "BATT",
   "side": "short",
   "weightPct": -3.4,
   "riskContribPct": 6.7,
   "mVaR": 11.0
  },
  {
   "ticker": "TSLA",
   "side": "short",
   "weightPct": -3.5,
   "riskContribPct": 6.7,
   "mVaR": 11.0
  },
  {
   "ticker": "CDE",
   "side": "short",
   "weightPct": -1.6,
   "riskContribPct": 6.4,
   "mVaR": 10.5
  },
  {
   "ticker": "AG",
   "side": "short",
   "weightPct": -1.5,
   "riskContribPct": 5.6,
   "mVaR": 9.2
  },
  {
   "ticker": "HL",
   "side": "short",
   "weightPct": -1.6,
   "riskContribPct": 5.6,
   "mVaR": 9.2
  },
  {
   "ticker": "KARS",
   "side": "short",
   "weightPct": -3.5,
   "riskContribPct": 5.5,
   "mVaR": 8.9
  },
  {
   "ticker": "BVN",
   "side": "short",
   "weightPct": -1.7,
   "riskContribPct": 5.2,
   "mVaR": 8.4
  },
  {
   "ticker": "LIT",
   "side": "short",
   "weightPct": -3.1,
   "riskContribPct": 4.8,
   "mVaR": 7.9
  },
  {
   "ticker": "CLF",
   "side": "short",
   "weightPct": -1.8,
   "riskContribPct": 4.7,
   "mVaR": 7.8
  },
  {
   "ticker": "PAAS",
   "side": "short",
   "weightPct": -1.6,
   "riskContribPct": 4.7,
   "mVaR": 7.6
  },
  {
   "ticker": "RS",
   "side": "short",
   "weightPct": -3.7,
   "riskContribPct": 3.6,
   "mVaR": 5.8
  },
  {
   "ticker": "KALU",
   "side": "short",
   "weightPct": -1.5,
   "riskContribPct": 3.3,
   "mVaR": 5.4
  },
  {
   "ticker": "CMC",
   "side": "short",
   "weightPct": -1.8,
   "riskContribPct": 3.2,
   "mVaR": 5.2
  },
  {
   "ticker": "STLD",
   "side": "short",
   "weightPct": -2.2,
   "riskContribPct": 3.2,
   "mVaR": 5.2
  },
  {
   "ticker": "CSTM",
   "side": "short",
   "weightPct": -1.3,
   "riskContribPct": 3.1,
   "mVaR": 5.0
  },
  {
   "ticker": "AA",
   "side": "short",
   "weightPct": -1.2,
   "riskContribPct": 2.7,
   "mVaR": 4.4
  },
  {
   "ticker": "NUE",
   "side": "short",
   "weightPct": -2.2,
   "riskContribPct": 2.6,
   "mVaR": 4.2
  },
  {
   "ticker": "CENX",
   "side": "short",
   "weightPct": -1.2,
   "riskContribPct": 2.4,
   "mVaR": 4.0
  },
  {
   "ticker": "ALB",
   "side": "long",
   "weightPct": 2.2,
   "riskContribPct": -2.0,
   "mVaR": -3.3
  },
  {
   "ticker": "SQM",
   "side": "long",
   "weightPct": 2.6,
   "riskContribPct": -2.2,
   "mVaR": -3.6
  },
  {
   "ticker": "SGML",
   "side": "long",
   "weightPct": 2.3,
   "riskContribPct": -2.6,
   "mVaR": -4.3
  },
  {
   "ticker": "LAC",
   "side": "long",
   "weightPct": 2.3,
   "riskContribPct": -5.9,
   "mVaR": -9.6
  }
 ],
 "coverageNote": "25 of 25 holdings"
}
