{
 "updatedAt": "2026-07-22T17:40:03+00:00",
 "asOf": "2026-07-22",
 "window": 90,
 "obs": 23,
 "headline": {
  "annVol": 17.8,
  "betaSpy": 0.57,
  "betaXme": 0.11,
  "var1d95": -231,
  "var1d99": -449,
  "hhi": 616.0,
  "effectiveN": 16.2
 },
 "metrics": [
  {
   "k": "Annualized volatility",
   "v": "17.8%",
   "note": "from the account's daily TWR, 23 daily obs since inception",
   "tone": "neutral"
  },
  {
   "k": "Beta vs S&P 500 (SPY)",
   "v": "0.57",
   "note": "22 overlapping daily obs",
   "tone": "neutral"
  },
  {
   "k": "Beta vs metals (XME)",
   "v": "0.11",
   "note": "long/short damps directional metals beta",
   "tone": "pos"
  },
  {
   "k": "Avg pairwise correlation",
   "v": "0.49",
   "note": "trailing 90d daily returns, 23 of 23 holdings (0 OTC ex.)",
   "tone": "pos"
  },
  {
   "k": "1-day VaR (95%, historical)",
   "v": "-$231",
   "note": "-2.17% of NAV; 99% VaR -4.21% (-$449)",
   "tone": "neg"
  },
  {
   "k": "Worst day since inception",
   "v": "-4.21%",
   "note": "single worst daily TWR",
   "tone": "neg"
  },
  {
   "k": "Max drawdown (inception curve)",
   "v": "-12.6%",
   "note": "peak-to-trough on the cumulative TWR",
   "tone": "neg"
  },
  {
   "k": "Concentration (HHI / eff. N)",
   "v": "616 / 16.2",
   "note": "23 names, ~16.2 effective",
   "tone": "pos"
  }
 ],
 "avgCorr": 0.49,
 "correlations": [
  {
   "pair": "BATT \u2013 KARS",
   "v": 0.93
  },
  {
   "pair": "AG \u2013 HL",
   "v": 0.93
  },
  {
   "pair": "BEPC \u2013 SGML",
   "v": 0.09
  }
 ],
 "matrix": {
  "tickers": [
   "AA",
   "AG",
   "ALB",
   "BATT",
   "BEPC",
   "BVN",
   "CDE",
   "CENX",
   "CLF",
   "CMC",
   "CSTM",
   "FCX",
   "HL",
   "KALU",
   "KARS",
   "LAC",
   "LIT",
   "MP",
   "PLG",
   "RS",
   "SBSW",
   "SGML",
   "SQM"
  ],
  "rows": [
   [
    1.0,
    0.45,
    0.32,
    0.47,
    0.21,
    0.48,
    0.41,
    0.81,
    0.44,
    0.34,
    0.55,
    0.55,
    0.44,
    0.54,
    0.41,
    0.4,
    0.42,
    0.33,
    0.39,
    0.32,
    0.38,
    0.36,
    0.24
   ],
   [
    0.45,
    1.0,
    0.4,
    0.75,
    0.31,
    0.8,
    0.9,
    0.39,
    0.45,
    0.31,
    0.47,
    0.77,
    0.93,
    0.47,
    0.68,
    0.6,
    0.67,
    0.44,
    0.85,
    0.22,
    0.85,
    0.39,
    0.4
   ],
   [
    0.32,
    0.4,
    1.0,
    0.58,
    0.11,
    0.48,
    0.31,
    0.26,
    0.41,
    0.23,
    0.38,
    0.36,
    0.34,
    0.34,
    0.55,
    0.56,
    0.63,
    0.43,
    0.33,
    0.23,
    0.32,
    0.6,
    0.8
   ],
   [
    0.47,
    0.75,
    0.58,
    1.0,
    0.32,
    0.71,
    0.76,
    0.4,
    0.57,
    0.49,
    0.69,
    0.83,
    0.78,
    0.63,
    0.93,
    0.71,
    0.9,
    0.62,
    0.77,
    0.41,
    0.74,
    0.52,
    0.54
   ],
   [
    0.21,
    0.31,
    0.11,
    0.32,
    1.0,
    0.39,
    0.35,
    0.17,
    0.29,
    0.32,
    0.24,
    0.36,
    0.35,
    0.31,
    0.27,
    0.34,
    0.24,
    0.32,
    0.38,
    0.24,
    0.4,
    0.09,
    0.17
   ],
   [
    0.48,
    0.8,
    0.48,
    0.71,
    0.39,
    1.0,
    0.77,
    0.39,
    0.51,
    0.49,
    0.52,
    0.68,
    0.8,
    0.51,
    0.62,
    0.54,
    0.66,
    0.32,
    0.72,
    0.39,
    0.78,
    0.33,
    0.51
   ],
   [
    0.41,
    0.9,
    0.31,
    0.76,
    0.35,
    0.77,
    1.0,
    0.36,
    0.45,
    0.38,
    0.47,
    0.74,
    0.9,
    0.47,
    0.69,
    0.54,
    0.66,
    0.39,
    0.83,
    0.25,
    0.86,
    0.32,
    0.32
   ],
   [
    0.81,
    0.39,
    0.26,
    0.4,
    0.17,
    0.39,
    0.36,
    1.0,
    0.33,
    0.28,
    0.47,
    0.49,
    0.36,
    0.49,
    0.34,
    0.36,
    0.33,
    0.33,
    0.41,
    0.28,
    0.33,
    0.34,
    0.18
   ],
   [
    0.44,
    0.45,
    0.41,
    0.57,
    0.29,
    0.51,
    0.45,
    0.33,
    1.0,
    0.58,
    0.53,
    0.55,
    0.47,
    0.49,
    0.54,
    0.52,
    0.55,
    0.39,
    0.5,
    0.62,
    0.55,
    0.27,
    0.4
   ],
   [
    0.34,
    0.31,
    0.23,
    0.49,
    0.32,
    0.49,
    0.38,
    0.28,
    0.58,
    1.0,
    0.54,
    0.51,
    0.32,
    0.51,
    0.41,
    0.31,
    0.48,
    0.27,
    0.37,
    0.76,
    0.45,
    0.19,
    0.25
   ],
   [
    0.55,
    0.47,
    0.38,
    0.69,
    0.24,
    0.52,
    0.47,
    0.47,
    0.53,
    0.54,
    1.0,
    0.64,
    0.5,
    0.79,
    0.6,
    0.42,
    0.61,
    0.45,
    0.48,
    0.58,
    0.46,
    0.29,
    0.41
   ],
   [
    0.55,
    0.77,
    0.36,
    0.83,
    0.36,
    0.68,
    0.74,
    0.49,
    0.55,
    0.51,
    0.64,
    1.0,
    0.76,
    0.57,
    0.74,
    0.6,
    0.71,
    0.61,
    0.75,
    0.42,
    0.73,
    0.39,
    0.37
   ],
   [
    0.44,
    0.93,
    0.34,
    0.78,
    0.35,
    0.8,
    0.9,
    0.36,
    0.47,
    0.32,
    0.5,
    0.76,
    1.0,
    0.49,
    0.72,
    0.58,
    0.67,
    0.43,
    0.81,
    0.23,
    0.85,
    0.29,
    0.35
   ],
   [
    0.54,
    0.47,
    0.34,
    0.63,
    0.31,
    0.51,
    0.47,
    0.49,
    0.49,
    0.51,
    0.79,
    0.57,
    0.49,
    1.0,
    0.6,
    0.43,
    0.6,
    0.4,
    0.5,
    0.52,
    0.46,
    0.28,
    0.41
   ],
   [
    0.41,
    0.68,
    0.55,
    0.93,
    0.27,
    0.62,
    0.69,
    0.34,
    0.54,
    0.41,
    0.6,
    0.74,
    0.72,
    0.6,
    1.0,
    0.7,
    0.9,
    0.59,
    0.74,
    0.36,
    0.68,
    0.52,
    0.52
   ],
   [
    0.4,
    0.6,
    0.56,
    0.71,
    0.34,
    0.54,
    0.54,
    0.36,
    0.52,
    0.31,
    0.42,
    0.6,
    0.58,
    0.43,
    0.7,
    1.0,
    0.7,
    0.77,
    0.66,
    0.34,
    0.58,
    0.54,
    0.51
   ],
   [
    0.42,
    0.67,
    0.63,
    0.9,
    0.24,
    0.66,
    0.66,
    0.33,
    0.55,
    0.48,
    0.61,
    0.71,
    0.67,
    0.6,
    0.9,
    0.7,
    1.0,
    0.57,
    0.69,
    0.44,
    0.65,
    0.56,
    0.64
   ],
   [
    0.33,
    0.44,
    0.43,
    0.62,
    0.32,
    0.32,
    0.39,
    0.33,
    0.39,
    0.27,
    0.45,
    0.61,
    0.43,
    0.4,
    0.59,
    0.77,
    0.57,
    1.0,
    0.52,
    0.31,
    0.46,
    0.42,
    0.4
   ],
   [
    0.39,
    0.85,
    0.33,
    0.77,
    0.38,
    0.72,
    0.83,
    0.41,
    0.5,
    0.37,
    0.48,
    0.75,
    0.81,
    0.5,
    0.74,
    0.66,
    0.69,
    0.52,
    1.0,
    0.32,
    0.82,
    0.34,
    0.34
   ],
   [
    0.32,
    0.22,
    0.23,
    0.41,
    0.24,
    0.39,
    0.25,
    0.28,
    0.62,
    0.76,
    0.58,
    0.42,
    0.23,
    0.52,
    0.36,
    0.34,
    0.44,
    0.31,
    0.32,
    1.0,
    0.32,
    0.17,
    0.27
   ],
   [
    0.38,
    0.85,
    0.32,
    0.74,
    0.4,
    0.78,
    0.86,
    0.33,
    0.55,
    0.45,
    0.46,
    0.73,
    0.85,
    0.46,
    0.68,
    0.58,
    0.65,
    0.46,
    0.82,
    0.32,
    1.0,
    0.29,
    0.34
   ],
   [
    0.36,
    0.39,
    0.6,
    0.52,
    0.09,
    0.33,
    0.32,
    0.34,
    0.27,
    0.19,
    0.29,
    0.39,
    0.29,
    0.28,
    0.52,
    0.54,
    0.56,
    0.42,
    0.34,
    0.17,
    0.29,
    1.0,
    0.59
   ],
   [
    0.24,
    0.4,
    0.8,
    0.54,
    0.17,
    0.51,
    0.32,
    0.18,
    0.4,
    0.25,
    0.41,
    0.37,
    0.35,
    0.41,
    0.52,
    0.51,
    0.64,
    0.4,
    0.34,
    0.27,
    0.34,
    0.59,
    1.0
   ]
  ]
 },
 "contributions": [
  {
   "ticker": "SBSW",
   "side": "short",
   "weightPct": -4.8,
   "riskContribPct": 17.2,
   "mVaR": 29.7
  },
  {
   "ticker": "BEPC",
   "side": "short",
   "weightPct": -9.7,
   "riskContribPct": 13.8,
   "mVaR": 23.9
  },
  {
   "ticker": "LIT",
   "side": "short",
   "weightPct": -6.5,
   "riskContribPct": 9.7,
   "mVaR": 16.8
  },
  {
   "ticker": "PLG",
   "side": "short",
   "weightPct": -2.5,
   "riskContribPct": 9.0,
   "mVaR": 15.6
  },
  {
   "ticker": "KARS",
   "side": "short",
   "weightPct": -6.1,
   "riskContribPct": 8.9,
   "mVaR": 15.3
  },
  {
   "ticker": "CMC",
   "side": "short",
   "weightPct": -4.4,
   "riskContribPct": 7.1,
   "mVaR": 12.2
  },
  {
   "ticker": "CDE",
   "side": "short",
   "weightPct": -1.8,
   "riskContribPct": 7.0,
   "mVaR": 12.1
  },
  {
   "ticker": "BATT",
   "side": "short",
   "weightPct": -3.5,
   "riskContribPct": 6.7,
   "mVaR": 11.5
  },
  {
   "ticker": "KALU",
   "side": "short",
   "weightPct": -3.1,
   "riskContribPct": 6.7,
   "mVaR": 11.5
  },
  {
   "ticker": "AG",
   "side": "short",
   "weightPct": -1.8,
   "riskContribPct": 6.4,
   "mVaR": 11.1
  },
  {
   "ticker": "HL",
   "side": "short",
   "weightPct": -1.8,
   "riskContribPct": 6.0,
   "mVaR": 10.4
  },
  {
   "ticker": "AA",
   "side": "short",
   "weightPct": -2.6,
   "riskContribPct": 5.4,
   "mVaR": 9.3
  },
  {
   "ticker": "BVN",
   "side": "short",
   "weightPct": -1.8,
   "riskContribPct": 5.4,
   "mVaR": 9.3
  },
  {
   "ticker": "CLF",
   "side": "short",
   "weightPct": -1.2,
   "riskContribPct": 3.0,
   "mVaR": 5.2
  },
  {
   "ticker": "CSTM",
   "side": "short",
   "weightPct": -1.4,
   "riskContribPct": 3.0,
   "mVaR": 5.2
  },
  {
   "ticker": "RS",
   "side": "short",
   "weightPct": -3.6,
   "riskContribPct": 3.0,
   "mVaR": 5.2
  },
  {
   "ticker": "CENX",
   "side": "short",
   "weightPct": -1.3,
   "riskContribPct": 2.5,
   "mVaR": 4.4
  },
  {
   "ticker": "ALB",
   "side": "long",
   "weightPct": 2.2,
   "riskContribPct": -2.0,
   "mVaR": -3.5
  },
  {
   "ticker": "SQM",
   "side": "long",
   "weightPct": 2.6,
   "riskContribPct": -2.2,
   "mVaR": -3.9
  },
  {
   "ticker": "SGML",
   "side": "long",
   "weightPct": 2.4,
   "riskContribPct": -2.7,
   "mVaR": -4.7
  },
  {
   "ticker": "MP",
   "side": "long",
   "weightPct": 1.7,
   "riskContribPct": -3.1,
   "mVaR": -5.4
  },
  {
   "ticker": "FCX",
   "side": "long",
   "weightPct": 1.8,
   "riskContribPct": -5.0,
   "mVaR": -8.7
  },
  {
   "ticker": "LAC",
   "side": "long",
   "weightPct": 2.4,
   "riskContribPct": -5.6,
   "mVaR": -9.7
  }
 ],
 "coverageNote": "23 of 23 holdings"
}
