{
 "updatedAt": "2026-07-22T15:09:52+00:00",
 "asOf": "2026-07-22",
 "window": 90,
 "obs": 23,
 "headline": {
  "annVol": 17.9,
  "betaSpy": 0.57,
  "betaXme": 0.12,
  "var1d95": -232,
  "var1d99": -451,
  "hhi": 657.0,
  "effectiveN": 15.2
 },
 "metrics": [
  {
   "k": "Annualized volatility",
   "v": "17.9%",
   "note": "from the account's daily TWR, 23 daily obs since inception",
   "tone": "neutral"
  },
  {
   "k": "Beta vs S&P 500 (SPY)",
   "v": "0.57",
   "note": "22 overlapping daily obs",
   "tone": "neutral"
  },
  {
   "k": "Beta vs metals (XME)",
   "v": "0.12",
   "note": "long/short damps directional metals beta",
   "tone": "pos"
  },
  {
   "k": "Avg pairwise correlation",
   "v": "0.49",
   "note": "trailing 90d daily returns, 23 of 23 holdings (0 OTC ex.)",
   "tone": "pos"
  },
  {
   "k": "1-day VaR (95%, historical)",
   "v": "-$232",
   "note": "-2.17% of NAV; 99% VaR -4.21% (-$451)",
   "tone": "neg"
  },
  {
   "k": "Worst day since inception",
   "v": "-4.21%",
   "note": "single worst daily TWR",
   "tone": "neg"
  },
  {
   "k": "Max drawdown (inception curve)",
   "v": "-12.3%",
   "note": "peak-to-trough on the cumulative TWR",
   "tone": "neg"
  },
  {
   "k": "Concentration (HHI / eff. N)",
   "v": "657 / 15.2",
   "note": "23 names, ~15.2 effective",
   "tone": "pos"
  }
 ],
 "avgCorr": 0.49,
 "correlations": [
  {
   "pair": "AG \u2013 PAAS",
   "v": 0.94
  },
  {
   "pair": "BATT \u2013 KARS",
   "v": 0.93
  },
  {
   "pair": "BEPC \u2013 SGML",
   "v": 0.09
  }
 ],
 "matrix": {
  "tickers": [
   "AA",
   "AG",
   "ALB",
   "BATT",
   "BEPC",
   "BVN",
   "CDE",
   "CENX",
   "CLF",
   "CMC",
   "CSTM",
   "HL",
   "KALU",
   "KARS",
   "LAC",
   "LIT",
   "MP",
   "PAAS",
   "PLG",
   "RS",
   "SBSW",
   "SGML",
   "SQM"
  ],
  "rows": [
   [
    1.0,
    0.45,
    0.33,
    0.46,
    0.19,
    0.49,
    0.42,
    0.81,
    0.44,
    0.34,
    0.55,
    0.45,
    0.54,
    0.42,
    0.41,
    0.42,
    0.34,
    0.45,
    0.4,
    0.31,
    0.38,
    0.36,
    0.25
   ],
   [
    0.45,
    1.0,
    0.4,
    0.75,
    0.3,
    0.8,
    0.9,
    0.39,
    0.45,
    0.3,
    0.47,
    0.93,
    0.47,
    0.68,
    0.6,
    0.66,
    0.44,
    0.94,
    0.85,
    0.22,
    0.85,
    0.39,
    0.4
   ],
   [
    0.33,
    0.4,
    1.0,
    0.58,
    0.1,
    0.49,
    0.31,
    0.27,
    0.41,
    0.23,
    0.39,
    0.35,
    0.34,
    0.55,
    0.56,
    0.63,
    0.43,
    0.34,
    0.34,
    0.23,
    0.32,
    0.6,
    0.81
   ],
   [
    0.46,
    0.75,
    0.58,
    1.0,
    0.32,
    0.71,
    0.76,
    0.4,
    0.57,
    0.49,
    0.69,
    0.77,
    0.63,
    0.93,
    0.71,
    0.9,
    0.62,
    0.74,
    0.77,
    0.41,
    0.74,
    0.52,
    0.54
   ],
   [
    0.19,
    0.3,
    0.1,
    0.32,
    1.0,
    0.37,
    0.34,
    0.16,
    0.29,
    0.32,
    0.24,
    0.34,
    0.31,
    0.27,
    0.33,
    0.24,
    0.31,
    0.32,
    0.37,
    0.24,
    0.39,
    0.09,
    0.16
   ],
   [
    0.49,
    0.8,
    0.49,
    0.71,
    0.37,
    1.0,
    0.77,
    0.39,
    0.51,
    0.48,
    0.52,
    0.8,
    0.51,
    0.62,
    0.54,
    0.66,
    0.33,
    0.83,
    0.72,
    0.38,
    0.78,
    0.33,
    0.52
   ],
   [
    0.42,
    0.9,
    0.31,
    0.76,
    0.34,
    0.77,
    1.0,
    0.37,
    0.46,
    0.38,
    0.46,
    0.91,
    0.48,
    0.69,
    0.54,
    0.65,
    0.4,
    0.88,
    0.84,
    0.25,
    0.86,
    0.32,
    0.33
   ],
   [
    0.81,
    0.39,
    0.27,
    0.4,
    0.16,
    0.39,
    0.37,
    1.0,
    0.33,
    0.28,
    0.47,
    0.37,
    0.5,
    0.34,
    0.36,
    0.33,
    0.33,
    0.36,
    0.41,
    0.27,
    0.33,
    0.34,
    0.19
   ],
   [
    0.44,
    0.45,
    0.41,
    0.57,
    0.29,
    0.51,
    0.46,
    0.33,
    1.0,
    0.58,
    0.53,
    0.47,
    0.49,
    0.54,
    0.52,
    0.55,
    0.39,
    0.47,
    0.5,
    0.62,
    0.55,
    0.27,
    0.4
   ],
   [
    0.34,
    0.3,
    0.23,
    0.49,
    0.32,
    0.48,
    0.38,
    0.28,
    0.58,
    1.0,
    0.54,
    0.31,
    0.51,
    0.41,
    0.31,
    0.48,
    0.27,
    0.33,
    0.37,
    0.76,
    0.45,
    0.19,
    0.25
   ],
   [
    0.55,
    0.47,
    0.39,
    0.69,
    0.24,
    0.52,
    0.46,
    0.47,
    0.53,
    0.54,
    1.0,
    0.5,
    0.79,
    0.61,
    0.42,
    0.61,
    0.45,
    0.47,
    0.48,
    0.58,
    0.46,
    0.29,
    0.41
   ],
   [
    0.45,
    0.93,
    0.35,
    0.77,
    0.34,
    0.8,
    0.91,
    0.37,
    0.47,
    0.31,
    0.5,
    1.0,
    0.49,
    0.72,
    0.59,
    0.66,
    0.44,
    0.9,
    0.81,
    0.22,
    0.85,
    0.3,
    0.35
   ],
   [
    0.54,
    0.47,
    0.34,
    0.63,
    0.31,
    0.51,
    0.48,
    0.5,
    0.49,
    0.51,
    0.79,
    0.49,
    1.0,
    0.6,
    0.43,
    0.6,
    0.4,
    0.46,
    0.5,
    0.51,
    0.46,
    0.29,
    0.41
   ],
   [
    0.42,
    0.68,
    0.55,
    0.93,
    0.27,
    0.62,
    0.69,
    0.34,
    0.54,
    0.41,
    0.61,
    0.72,
    0.6,
    1.0,
    0.7,
    0.9,
    0.59,
    0.66,
    0.74,
    0.36,
    0.68,
    0.52,
    0.52
   ],
   [
    0.41,
    0.6,
    0.56,
    0.71,
    0.33,
    0.54,
    0.54,
    0.36,
    0.52,
    0.31,
    0.42,
    0.59,
    0.43,
    0.7,
    1.0,
    0.7,
    0.77,
    0.56,
    0.66,
    0.34,
    0.58,
    0.54,
    0.51
   ],
   [
    0.42,
    0.66,
    0.63,
    0.9,
    0.24,
    0.66,
    0.65,
    0.33,
    0.55,
    0.48,
    0.61,
    0.66,
    0.6,
    0.9,
    0.7,
    1.0,
    0.57,
    0.65,
    0.68,
    0.44,
    0.65,
    0.55,
    0.64
   ],
   [
    0.34,
    0.44,
    0.43,
    0.62,
    0.31,
    0.33,
    0.4,
    0.33,
    0.39,
    0.27,
    0.45,
    0.44,
    0.4,
    0.59,
    0.77,
    0.57,
    1.0,
    0.41,
    0.52,
    0.31,
    0.47,
    0.42,
    0.4
   ],
   [
    0.45,
    0.94,
    0.34,
    0.74,
    0.32,
    0.83,
    0.88,
    0.36,
    0.47,
    0.33,
    0.47,
    0.9,
    0.46,
    0.66,
    0.56,
    0.65,
    0.41,
    1.0,
    0.81,
    0.23,
    0.88,
    0.39,
    0.36
   ],
   [
    0.4,
    0.85,
    0.34,
    0.77,
    0.37,
    0.72,
    0.84,
    0.41,
    0.5,
    0.37,
    0.48,
    0.81,
    0.5,
    0.74,
    0.66,
    0.68,
    0.52,
    0.81,
    1.0,
    0.32,
    0.83,
    0.35,
    0.35
   ],
   [
    0.31,
    0.22,
    0.23,
    0.41,
    0.24,
    0.38,
    0.25,
    0.27,
    0.62,
    0.76,
    0.58,
    0.22,
    0.51,
    0.36,
    0.34,
    0.44,
    0.31,
    0.23,
    0.32,
    1.0,
    0.31,
    0.17,
    0.27
   ],
   [
    0.38,
    0.85,
    0.32,
    0.74,
    0.39,
    0.78,
    0.86,
    0.33,
    0.55,
    0.45,
    0.46,
    0.85,
    0.46,
    0.68,
    0.58,
    0.65,
    0.47,
    0.88,
    0.83,
    0.31,
    1.0,
    0.29,
    0.34
   ],
   [
    0.36,
    0.39,
    0.6,
    0.52,
    0.09,
    0.33,
    0.32,
    0.34,
    0.27,
    0.19,
    0.29,
    0.3,
    0.29,
    0.52,
    0.54,
    0.55,
    0.42,
    0.39,
    0.35,
    0.17,
    0.29,
    1.0,
    0.59
   ],
   [
    0.25,
    0.4,
    0.81,
    0.54,
    0.16,
    0.52,
    0.33,
    0.19,
    0.4,
    0.25,
    0.41,
    0.35,
    0.41,
    0.52,
    0.51,
    0.64,
    0.4,
    0.36,
    0.35,
    0.27,
    0.34,
    0.59,
    1.0
   ]
  ]
 },
 "contributions": [
  {
   "ticker": "BEPC",
   "side": "short",
   "weightPct": -9.5,
   "riskContribPct": 15.8,
   "mVaR": 21.5
  },
  {
   "ticker": "SBSW",
   "side": "short",
   "weightPct": -2.6,
   "riskContribPct": 10.1,
   "mVaR": 13.7
  },
  {
   "ticker": "PLG",
   "side": "short",
   "weightPct": -2.6,
   "riskContribPct": 9.8,
   "mVaR": 13.4
  },
  {
   "ticker": "CDE",
   "side": "short",
   "weightPct": -1.8,
   "riskContribPct": 8.1,
   "mVaR": 11.1
  },
  {
   "ticker": "HL",
   "side": "short",
   "weightPct": -1.8,
   "riskContribPct": 6.9,
   "mVaR": 9.4
  },
  {
   "ticker": "AG",
   "side": "short",
   "weightPct": -1.6,
   "riskContribPct": 6.6,
   "mVaR": 9.0
  },
  {
   "ticker": "BVN",
   "side": "short",
   "weightPct": -1.8,
   "riskContribPct": 6.2,
   "mVaR": 8.5
  },
  {
   "ticker": "BATT",
   "side": "short",
   "weightPct": -3.5,
   "riskContribPct": 6.1,
   "mVaR": 8.3
  },
  {
   "ticker": "PAAS",
   "side": "short",
   "weightPct": -1.7,
   "riskContribPct": 5.7,
   "mVaR": 7.7
  },
  {
   "ticker": "KARS",
   "side": "short",
   "weightPct": -3.6,
   "riskContribPct": 4.6,
   "mVaR": 6.2
  },
  {
   "ticker": "LIT",
   "side": "short",
   "weightPct": -3.2,
   "riskContribPct": 4.0,
   "mVaR": 5.5
  },
  {
   "ticker": "KALU",
   "side": "short",
   "weightPct": -1.6,
   "riskContribPct": 3.3,
   "mVaR": 4.4
  },
  {
   "ticker": "CMC",
   "side": "short",
   "weightPct": -1.9,
   "riskContribPct": 3.1,
   "mVaR": 4.3
  },
  {
   "ticker": "CLF",
   "side": "short",
   "weightPct": -1.2,
   "riskContribPct": 2.9,
   "mVaR": 4.0
  },
  {
   "ticker": "CSTM",
   "side": "short",
   "weightPct": -1.4,
   "riskContribPct": 2.8,
   "mVaR": 3.8
  },
  {
   "ticker": "RS",
   "side": "short",
   "weightPct": -3.6,
   "riskContribPct": 2.8,
   "mVaR": 3.8
  },
  {
   "ticker": "AA",
   "side": "short",
   "weightPct": -1.3,
   "riskContribPct": 2.6,
   "mVaR": 3.6
  },
  {
   "ticker": "CENX",
   "side": "short",
   "weightPct": -1.3,
   "riskContribPct": 2.5,
   "mVaR": 3.3
  },
  {
   "ticker": "SGML",
   "side": "long",
   "weightPct": 2.4,
   "riskContribPct": 0.8,
   "mVaR": 1.1
  },
  {
   "ticker": "ALB",
   "side": "long",
   "weightPct": 2.3,
   "riskContribPct": -0.2,
   "mVaR": -0.3
  },
  {
   "ticker": "SQM",
   "side": "long",
   "weightPct": 2.6,
   "riskContribPct": -0.7,
   "mVaR": -0.9
  },
  {
   "ticker": "MP",
   "side": "long",
   "weightPct": 7.9,
   "riskContribPct": -0.8,
   "mVaR": -1.2
  },
  {
   "ticker": "LAC",
   "side": "long",
   "weightPct": 2.5,
   "riskContribPct": -3.0,
   "mVaR": -4.0
  }
 ],
 "coverageNote": "23 of 23 holdings"
}
