{
 "updatedAt": "2026-07-24T14:11:39+00:00",
 "asOf": "2026-07-24",
 "window": 90,
 "obs": 25,
 "headline": {
  "annVol": 17.3,
  "betaSpy": 0.45,
  "betaXme": 0.11,
  "var1d95": -231,
  "var1d99": -450,
  "hhi": 636.0,
  "effectiveN": 15.7
 },
 "metrics": [
  {
   "k": "Annualized volatility",
   "v": "17.3%",
   "note": "from the account's daily TWR, 25 daily obs since inception",
   "tone": "neutral"
  },
  {
   "k": "Beta vs S&P 500 (SPY)",
   "v": "0.45",
   "note": "24 overlapping daily obs",
   "tone": "neutral"
  },
  {
   "k": "Beta vs metals (XME)",
   "v": "0.11",
   "note": "long/short damps directional metals beta",
   "tone": "pos"
  },
  {
   "k": "Avg pairwise correlation",
   "v": "0.47",
   "note": "trailing 90d daily returns, 21 of 21 holdings (0 OTC ex.)",
   "tone": "pos"
  },
  {
   "k": "1-day VaR (95%, historical)",
   "v": "-$231",
   "note": "-2.17% of NAV; 99% VaR -4.21% (-$450)",
   "tone": "neg"
  },
  {
   "k": "Worst day since inception",
   "v": "-4.21%",
   "note": "single worst daily TWR",
   "tone": "neg"
  },
  {
   "k": "Max drawdown (inception curve)",
   "v": "-12.7%",
   "note": "peak-to-trough on the cumulative TWR",
   "tone": "neg"
  },
  {
   "k": "Concentration (HHI / eff. N)",
   "v": "636 / 15.7",
   "note": "21 names, ~15.7 effective",
   "tone": "pos"
  }
 ],
 "avgCorr": 0.47,
 "correlations": [
  {
   "pair": "BATT \u2013 KARS",
   "v": 0.93
  },
  {
   "pair": "HL \u2013 PAAS",
   "v": 0.9
  },
  {
   "pair": "BEPC \u2013 SGML",
   "v": 0.08
  }
 ],
 "matrix": {
  "tickers": [
   "AA",
   "ALB",
   "BATT",
   "BEPC",
   "BVN",
   "CENX",
   "CMC",
   "CSTM",
   "FCX",
   "HL",
   "KALU",
   "KARS",
   "LAC",
   "LIT",
   "MP",
   "PAAS",
   "PLG",
   "RS",
   "SBSW",
   "SGML",
   "SQM"
  ],
  "rows": [
   [
    1.0,
    0.3,
    0.45,
    0.16,
    0.47,
    0.81,
    0.34,
    0.54,
    0.54,
    0.43,
    0.49,
    0.4,
    0.4,
    0.41,
    0.32,
    0.44,
    0.39,
    0.31,
    0.35,
    0.34,
    0.22
   ],
   [
    0.3,
    1.0,
    0.57,
    0.09,
    0.47,
    0.25,
    0.22,
    0.37,
    0.34,
    0.33,
    0.3,
    0.54,
    0.56,
    0.63,
    0.42,
    0.33,
    0.32,
    0.23,
    0.3,
    0.59,
    0.8
   ],
   [
    0.45,
    0.57,
    1.0,
    0.29,
    0.7,
    0.39,
    0.49,
    0.68,
    0.82,
    0.77,
    0.57,
    0.93,
    0.71,
    0.9,
    0.61,
    0.74,
    0.78,
    0.4,
    0.73,
    0.51,
    0.53
   ],
   [
    0.16,
    0.09,
    0.29,
    1.0,
    0.35,
    0.15,
    0.3,
    0.23,
    0.31,
    0.32,
    0.31,
    0.24,
    0.33,
    0.22,
    0.29,
    0.3,
    0.35,
    0.24,
    0.34,
    0.08,
    0.15
   ],
   [
    0.47,
    0.47,
    0.7,
    0.35,
    1.0,
    0.37,
    0.48,
    0.51,
    0.67,
    0.8,
    0.44,
    0.62,
    0.53,
    0.65,
    0.31,
    0.82,
    0.72,
    0.37,
    0.78,
    0.31,
    0.51
   ],
   [
    0.81,
    0.25,
    0.39,
    0.15,
    0.37,
    1.0,
    0.28,
    0.47,
    0.48,
    0.35,
    0.47,
    0.33,
    0.35,
    0.32,
    0.31,
    0.33,
    0.38,
    0.28,
    0.3,
    0.32,
    0.18
   ],
   [
    0.34,
    0.22,
    0.49,
    0.3,
    0.48,
    0.28,
    1.0,
    0.54,
    0.5,
    0.31,
    0.46,
    0.4,
    0.31,
    0.47,
    0.26,
    0.33,
    0.37,
    0.75,
    0.45,
    0.18,
    0.25
   ],
   [
    0.54,
    0.37,
    0.68,
    0.23,
    0.51,
    0.47,
    0.54,
    1.0,
    0.64,
    0.49,
    0.76,
    0.59,
    0.41,
    0.6,
    0.44,
    0.47,
    0.49,
    0.59,
    0.45,
    0.28,
    0.41
   ],
   [
    0.54,
    0.34,
    0.82,
    0.31,
    0.67,
    0.48,
    0.5,
    0.64,
    1.0,
    0.75,
    0.51,
    0.73,
    0.59,
    0.7,
    0.6,
    0.76,
    0.75,
    0.4,
    0.72,
    0.37,
    0.36
   ],
   [
    0.43,
    0.33,
    0.77,
    0.32,
    0.8,
    0.35,
    0.31,
    0.49,
    0.75,
    1.0,
    0.43,
    0.72,
    0.58,
    0.66,
    0.42,
    0.9,
    0.82,
    0.22,
    0.86,
    0.28,
    0.34
   ],
   [
    0.49,
    0.3,
    0.57,
    0.31,
    0.44,
    0.47,
    0.46,
    0.76,
    0.51,
    0.43,
    1.0,
    0.54,
    0.38,
    0.57,
    0.37,
    0.39,
    0.43,
    0.5,
    0.38,
    0.26,
    0.38
   ],
   [
    0.4,
    0.54,
    0.93,
    0.24,
    0.62,
    0.33,
    0.4,
    0.59,
    0.73,
    0.72,
    0.54,
    1.0,
    0.71,
    0.89,
    0.59,
    0.67,
    0.76,
    0.34,
    0.67,
    0.52,
    0.51
   ],
   [
    0.4,
    0.56,
    0.71,
    0.33,
    0.53,
    0.35,
    0.31,
    0.41,
    0.59,
    0.58,
    0.38,
    0.71,
    1.0,
    0.7,
    0.77,
    0.55,
    0.66,
    0.33,
    0.58,
    0.54,
    0.51
   ],
   [
    0.41,
    0.63,
    0.9,
    0.22,
    0.65,
    0.32,
    0.47,
    0.6,
    0.7,
    0.66,
    0.57,
    0.89,
    0.7,
    1.0,
    0.57,
    0.65,
    0.7,
    0.44,
    0.64,
    0.55,
    0.64
   ],
   [
    0.32,
    0.42,
    0.61,
    0.29,
    0.31,
    0.31,
    0.26,
    0.44,
    0.6,
    0.42,
    0.37,
    0.59,
    0.77,
    0.57,
    1.0,
    0.4,
    0.51,
    0.3,
    0.44,
    0.42,
    0.39
   ],
   [
    0.44,
    0.33,
    0.74,
    0.3,
    0.82,
    0.33,
    0.33,
    0.47,
    0.76,
    0.9,
    0.39,
    0.67,
    0.55,
    0.65,
    0.4,
    1.0,
    0.8,
    0.22,
    0.88,
    0.37,
    0.35
   ],
   [
    0.39,
    0.32,
    0.78,
    0.35,
    0.72,
    0.38,
    0.37,
    0.49,
    0.75,
    0.82,
    0.43,
    0.76,
    0.66,
    0.7,
    0.51,
    0.8,
    1.0,
    0.3,
    0.83,
    0.32,
    0.34
   ],
   [
    0.31,
    0.23,
    0.4,
    0.24,
    0.37,
    0.28,
    0.75,
    0.59,
    0.4,
    0.22,
    0.5,
    0.34,
    0.33,
    0.44,
    0.3,
    0.22,
    0.3,
    1.0,
    0.3,
    0.16,
    0.27
   ],
   [
    0.35,
    0.3,
    0.73,
    0.34,
    0.78,
    0.3,
    0.45,
    0.45,
    0.72,
    0.86,
    0.38,
    0.67,
    0.58,
    0.64,
    0.44,
    0.88,
    0.83,
    0.3,
    1.0,
    0.27,
    0.32
   ],
   [
    0.34,
    0.59,
    0.51,
    0.08,
    0.31,
    0.32,
    0.18,
    0.28,
    0.37,
    0.28,
    0.26,
    0.52,
    0.54,
    0.55,
    0.42,
    0.37,
    0.32,
    0.16,
    0.27,
    1.0,
    0.58
   ],
   [
    0.22,
    0.8,
    0.53,
    0.15,
    0.51,
    0.18,
    0.25,
    0.41,
    0.36,
    0.34,
    0.38,
    0.51,
    0.51,
    0.64,
    0.39,
    0.35,
    0.34,
    0.27,
    0.32,
    0.58,
    1.0
   ]
  ]
 },
 "contributions": [
  {
   "ticker": "SBSW",
   "side": "short",
   "weightPct": -4.6,
   "riskContribPct": 14.9,
   "mVaR": 26.9
  },
  {
   "ticker": "PLG",
   "side": "short",
   "weightPct": -4.4,
   "riskContribPct": 14.7,
   "mVaR": 26.6
  },
  {
   "ticker": "BEPC",
   "side": "short",
   "weightPct": -9.8,
   "riskContribPct": 12.5,
   "mVaR": 22.7
  },
  {
   "ticker": "BATT",
   "side": "short",
   "weightPct": -6.1,
   "riskContribPct": 11.3,
   "mVaR": 20.4
  },
  {
   "ticker": "LIT",
   "side": "short",
   "weightPct": -6.4,
   "riskContribPct": 9.5,
   "mVaR": 17.1
  },
  {
   "ticker": "KARS",
   "side": "short",
   "weightPct": -5.9,
   "riskContribPct": 8.3,
   "mVaR": 15.1
  },
  {
   "ticker": "CMC",
   "side": "short",
   "weightPct": -4.5,
   "riskContribPct": 6.8,
   "mVaR": 12.3
  },
  {
   "ticker": "KALU",
   "side": "short",
   "weightPct": -3.2,
   "riskContribPct": 6.8,
   "mVaR": 12.3
  },
  {
   "ticker": "CSTM",
   "side": "short",
   "weightPct": -2.5,
   "riskContribPct": 5.6,
   "mVaR": 10.1
  },
  {
   "ticker": "PAAS",
   "side": "short",
   "weightPct": -2.1,
   "riskContribPct": 5.6,
   "mVaR": 10.1
  },
  {
   "ticker": "HL",
   "side": "short",
   "weightPct": -1.7,
   "riskContribPct": 5.4,
   "mVaR": 9.9
  },
  {
   "ticker": "CENX",
   "side": "short",
   "weightPct": -2.6,
   "riskContribPct": 5.3,
   "mVaR": 9.5
  },
  {
   "ticker": "AA",
   "side": "short",
   "weightPct": -2.5,
   "riskContribPct": 5.0,
   "mVaR": 9.1
  },
  {
   "ticker": "BVN",
   "side": "short",
   "weightPct": -1.8,
   "riskContribPct": 4.9,
   "mVaR": 8.9
  },
  {
   "ticker": "RS",
   "side": "short",
   "weightPct": -3.7,
   "riskContribPct": 3.1,
   "mVaR": 5.5
  },
  {
   "ticker": "ALB",
   "side": "long",
   "weightPct": 2.2,
   "riskContribPct": -2.0,
   "mVaR": -3.6
  },
  {
   "ticker": "SQM",
   "side": "long",
   "weightPct": 2.6,
   "riskContribPct": -2.2,
   "mVaR": -4.1
  },
  {
   "ticker": "SGML",
   "side": "long",
   "weightPct": 2.2,
   "riskContribPct": -2.7,
   "mVaR": -4.9
  },
  {
   "ticker": "MP",
   "side": "long",
   "weightPct": 1.6,
   "riskContribPct": -2.9,
   "mVaR": -5.3
  },
  {
   "ticker": "FCX",
   "side": "long",
   "weightPct": 1.7,
   "riskContribPct": -4.6,
   "mVaR": -8.3
  },
  {
   "ticker": "LAC",
   "side": "long",
   "weightPct": 2.2,
   "riskContribPct": -5.1,
   "mVaR": -9.3
  }
 ],
 "coverageNote": "21 of 21 holdings"
}
