{
 "updatedAt": "2026-07-17T16:47:46+00:00",
 "asOf": "2026-07-17",
 "window": 90,
 "obs": 27,
 "headline": {
  "annVol": 16.7,
  "betaSpy": 0.45,
  "betaXme": 0.16,
  "var1d95": -235,
  "var1d99": -457,
  "hhi": 500.0,
  "effectiveN": 20.0
 },
 "metrics": [
  {
   "k": "Annualized volatility",
   "v": "16.7%",
   "note": "from the account's daily TWR, 27 daily obs since inception",
   "tone": "neutral"
  },
  {
   "k": "Beta vs S&P 500 (SPY)",
   "v": "0.45",
   "note": "25 overlapping daily obs",
   "tone": "neutral"
  },
  {
   "k": "Beta vs metals (XME)",
   "v": "0.16",
   "note": "long/short damps directional metals beta",
   "tone": "pos"
  },
  {
   "k": "Avg pairwise correlation",
   "v": "0.46",
   "note": "trailing 90d daily returns, 25 of 27 holdings (2 OTC ex.)",
   "tone": "pos"
  },
  {
   "k": "1-day VaR (95%, historical)",
   "v": "\u2212$235",
   "note": "-2.17% of NAV; 99% VaR -4.21% (\u2212$457)",
   "tone": "neg"
  },
  {
   "k": "Worst day since inception",
   "v": "-4.21%",
   "note": "single worst daily TWR",
   "tone": "neg"
  },
  {
   "k": "Max drawdown (inception curve)",
   "v": "-11.6%",
   "note": "peak-to-trough on the cumulative TWR",
   "tone": "neg"
  },
  {
   "k": "Concentration (HHI / eff. N)",
   "v": "500 / 20.0",
   "note": "27 names, ~20.0 effective",
   "tone": "pos"
  }
 ],
 "avgCorr": 0.46,
 "correlations": [
  {
   "pair": "AG \u2013 PAAS",
   "v": 0.94
  },
  {
   "pair": "BATT \u2013 KARS",
   "v": 0.93
  },
  {
   "pair": "CC \u2013 SBSW",
   "v": 0.06
  }
 ],
 "matrix": {
  "tickers": [
   "AA",
   "AG",
   "ALB",
   "ATI",
   "BATT",
   "BVN",
   "CC",
   "CDE",
   "CENX",
   "CLF",
   "CSTM",
   "HL",
   "KARS",
   "LAC",
   "LIT",
   "NUE",
   "PAAS",
   "PLG",
   "RS",
   "SBSW",
   "SGML",
   "SQM",
   "STLD",
   "TROX",
   "TSLA"
  ],
  "rows": [
   [
    1.0,
    0.41,
    0.32,
    0.31,
    0.45,
    0.45,
    0.21,
    0.36,
    0.83,
    0.4,
    0.52,
    0.39,
    0.44,
    0.39,
    0.42,
    0.38,
    0.42,
    0.38,
    0.34,
    0.34,
    0.34,
    0.26,
    0.46,
    0.23,
    0.31
   ],
   [
    0.41,
    1.0,
    0.4,
    0.5,
    0.74,
    0.8,
    0.2,
    0.9,
    0.35,
    0.46,
    0.47,
    0.93,
    0.67,
    0.6,
    0.66,
    0.27,
    0.94,
    0.84,
    0.23,
    0.84,
    0.39,
    0.4,
    0.26,
    0.33,
    0.5
   ],
   [
    0.32,
    0.4,
    1.0,
    0.26,
    0.59,
    0.48,
    0.41,
    0.3,
    0.28,
    0.41,
    0.38,
    0.34,
    0.55,
    0.56,
    0.64,
    0.26,
    0.34,
    0.34,
    0.24,
    0.32,
    0.59,
    0.81,
    0.27,
    0.42,
    0.24
   ],
   [
    0.31,
    0.5,
    0.26,
    1.0,
    0.63,
    0.58,
    0.08,
    0.56,
    0.29,
    0.39,
    0.54,
    0.5,
    0.52,
    0.47,
    0.55,
    0.4,
    0.49,
    0.59,
    0.43,
    0.57,
    0.22,
    0.3,
    0.44,
    0.15,
    0.42
   ],
   [
    0.45,
    0.74,
    0.59,
    0.63,
    1.0,
    0.7,
    0.31,
    0.75,
    0.39,
    0.56,
    0.69,
    0.76,
    0.93,
    0.7,
    0.9,
    0.43,
    0.74,
    0.77,
    0.43,
    0.72,
    0.52,
    0.55,
    0.45,
    0.4,
    0.63
   ],
   [
    0.45,
    0.8,
    0.48,
    0.58,
    0.7,
    1.0,
    0.23,
    0.76,
    0.36,
    0.51,
    0.52,
    0.8,
    0.62,
    0.53,
    0.66,
    0.41,
    0.82,
    0.72,
    0.39,
    0.78,
    0.34,
    0.52,
    0.42,
    0.32,
    0.37
   ],
   [
    0.21,
    0.2,
    0.41,
    0.08,
    0.31,
    0.23,
    1.0,
    0.16,
    0.21,
    0.32,
    0.34,
    0.25,
    0.31,
    0.22,
    0.37,
    0.32,
    0.11,
    0.18,
    0.23,
    0.06,
    0.2,
    0.36,
    0.27,
    0.76,
    0.21
   ],
   [
    0.36,
    0.9,
    0.3,
    0.56,
    0.75,
    0.76,
    0.16,
    1.0,
    0.32,
    0.45,
    0.46,
    0.9,
    0.68,
    0.53,
    0.64,
    0.28,
    0.88,
    0.83,
    0.25,
    0.85,
    0.32,
    0.32,
    0.26,
    0.28,
    0.44
   ],
   [
    0.83,
    0.35,
    0.28,
    0.29,
    0.39,
    0.36,
    0.21,
    0.32,
    1.0,
    0.3,
    0.45,
    0.31,
    0.35,
    0.35,
    0.33,
    0.34,
    0.32,
    0.38,
    0.33,
    0.28,
    0.33,
    0.2,
    0.42,
    0.31,
    0.32
   ],
   [
    0.4,
    0.46,
    0.41,
    0.39,
    0.56,
    0.51,
    0.32,
    0.45,
    0.3,
    1.0,
    0.53,
    0.47,
    0.53,
    0.51,
    0.54,
    0.59,
    0.47,
    0.5,
    0.6,
    0.55,
    0.27,
    0.39,
    0.55,
    0.4,
    0.25
   ],
   [
    0.52,
    0.47,
    0.38,
    0.54,
    0.69,
    0.52,
    0.34,
    0.46,
    0.45,
    0.53,
    1.0,
    0.49,
    0.6,
    0.41,
    0.61,
    0.57,
    0.46,
    0.48,
    0.58,
    0.45,
    0.29,
    0.42,
    0.56,
    0.35,
    0.42
   ],
   [
    0.39,
    0.93,
    0.34,
    0.5,
    0.76,
    0.8,
    0.25,
    0.9,
    0.31,
    0.47,
    0.49,
    1.0,
    0.7,
    0.57,
    0.65,
    0.28,
    0.89,
    0.8,
    0.22,
    0.84,
    0.3,
    0.35,
    0.25,
    0.33,
    0.49
   ],
   [
    0.44,
    0.67,
    0.55,
    0.52,
    0.93,
    0.62,
    0.31,
    0.68,
    0.35,
    0.53,
    0.6,
    0.7,
    1.0,
    0.69,
    0.89,
    0.37,
    0.66,
    0.74,
    0.38,
    0.66,
    0.52,
    0.52,
    0.39,
    0.42,
    0.64
   ],
   [
    0.39,
    0.6,
    0.56,
    0.47,
    0.7,
    0.53,
    0.22,
    0.53,
    0.35,
    0.51,
    0.41,
    0.57,
    0.69,
    1.0,
    0.69,
    0.29,
    0.55,
    0.64,
    0.35,
    0.56,
    0.54,
    0.52,
    0.3,
    0.42,
    0.41
   ],
   [
    0.42,
    0.66,
    0.64,
    0.55,
    0.9,
    0.66,
    0.37,
    0.64,
    0.33,
    0.54,
    0.61,
    0.65,
    0.89,
    0.69,
    1.0,
    0.43,
    0.65,
    0.69,
    0.45,
    0.63,
    0.56,
    0.65,
    0.44,
    0.49,
    0.53
   ],
   [
    0.38,
    0.27,
    0.26,
    0.4,
    0.43,
    0.41,
    0.32,
    0.28,
    0.34,
    0.59,
    0.57,
    0.28,
    0.37,
    0.29,
    0.43,
    1.0,
    0.27,
    0.36,
    0.77,
    0.35,
    0.21,
    0.28,
    0.9,
    0.36,
    0.15
   ],
   [
    0.42,
    0.94,
    0.34,
    0.49,
    0.74,
    0.82,
    0.11,
    0.88,
    0.32,
    0.47,
    0.46,
    0.89,
    0.66,
    0.55,
    0.65,
    0.27,
    1.0,
    0.8,
    0.24,
    0.87,
    0.39,
    0.36,
    0.28,
    0.25,
    0.43
   ],
   [
    0.38,
    0.84,
    0.34,
    0.59,
    0.77,
    0.72,
    0.18,
    0.83,
    0.38,
    0.5,
    0.48,
    0.8,
    0.74,
    0.64,
    0.69,
    0.36,
    0.8,
    1.0,
    0.35,
    0.81,
    0.35,
    0.35,
    0.36,
    0.33,
    0.51
   ],
   [
    0.34,
    0.23,
    0.24,
    0.43,
    0.43,
    0.39,
    0.23,
    0.25,
    0.33,
    0.6,
    0.58,
    0.22,
    0.38,
    0.35,
    0.45,
    0.77,
    0.24,
    0.35,
    1.0,
    0.32,
    0.18,
    0.27,
    0.75,
    0.32,
    0.16
   ],
   [
    0.34,
    0.84,
    0.32,
    0.57,
    0.72,
    0.78,
    0.06,
    0.85,
    0.28,
    0.55,
    0.45,
    0.84,
    0.66,
    0.56,
    0.63,
    0.35,
    0.87,
    0.81,
    0.32,
    1.0,
    0.29,
    0.34,
    0.38,
    0.27,
    0.39
   ],
   [
    0.34,
    0.39,
    0.59,
    0.22,
    0.52,
    0.34,
    0.2,
    0.32,
    0.33,
    0.27,
    0.29,
    0.3,
    0.52,
    0.54,
    0.56,
    0.21,
    0.39,
    0.35,
    0.18,
    0.29,
    1.0,
    0.6,
    0.21,
    0.25,
    0.18
   ],
   [
    0.26,
    0.4,
    0.81,
    0.3,
    0.55,
    0.52,
    0.36,
    0.32,
    0.2,
    0.39,
    0.42,
    0.35,
    0.52,
    0.52,
    0.65,
    0.28,
    0.36,
    0.35,
    0.27,
    0.34,
    0.6,
    1.0,
    0.29,
    0.4,
    0.19
   ],
   [
    0.46,
    0.26,
    0.27,
    0.44,
    0.45,
    0.42,
    0.27,
    0.26,
    0.42,
    0.55,
    0.56,
    0.25,
    0.39,
    0.3,
    0.44,
    0.9,
    0.28,
    0.36,
    0.75,
    0.38,
    0.21,
    0.29,
    1.0,
    0.33,
    0.2
   ],
   [
    0.23,
    0.33,
    0.42,
    0.15,
    0.4,
    0.32,
    0.76,
    0.28,
    0.31,
    0.4,
    0.35,
    0.33,
    0.42,
    0.42,
    0.49,
    0.36,
    0.25,
    0.33,
    0.32,
    0.27,
    0.25,
    0.4,
    0.33,
    1.0,
    0.22
   ],
   [
    0.31,
    0.5,
    0.24,
    0.42,
    0.63,
    0.37,
    0.21,
    0.44,
    0.32,
    0.25,
    0.42,
    0.49,
    0.64,
    0.41,
    0.53,
    0.15,
    0.43,
    0.51,
    0.16,
    0.39,
    0.18,
    0.19,
    0.2,
    0.22,
    1.0
   ]
  ]
 },
 "contributions": [
  {
   "ticker": "SBSW",
   "side": "short",
   "weightPct": -3.3,
   "riskContribPct": 16.9,
   "mVaR": 19.9
  },
  {
   "ticker": "PLG",
   "side": "short",
   "weightPct": -3.1,
   "riskContribPct": 16.8,
   "mVaR": 19.7
  },
  {
   "ticker": "TSLA",
   "side": "short",
   "weightPct": -3.5,
   "riskContribPct": 9.3,
   "mVaR": 10.9
  },
  {
   "ticker": "BATT",
   "side": "short",
   "weightPct": -3.4,
   "riskContribPct": 8.9,
   "mVaR": 10.4
  },
  {
   "ticker": "CDE",
   "side": "short",
   "weightPct": -1.6,
   "riskContribPct": 8.9,
   "mVaR": 10.4
  },
  {
   "ticker": "KARS",
   "side": "short",
   "weightPct": -3.8,
   "riskContribPct": 7.9,
   "mVaR": 9.2
  },
  {
   "ticker": "AG",
   "side": "short",
   "weightPct": -1.5,
   "riskContribPct": 7.8,
   "mVaR": 9.1
  },
  {
   "ticker": "NUE",
   "side": "short",
   "weightPct": -4.4,
   "riskContribPct": 7.0,
   "mVaR": 8.3
  },
  {
   "ticker": "LIT",
   "side": "short",
   "weightPct": -3.2,
   "riskContribPct": 6.3,
   "mVaR": 7.4
  },
  {
   "ticker": "CLF",
   "side": "short",
   "weightPct": -1.7,
   "riskContribPct": 5.9,
   "mVaR": 6.9
  },
  {
   "ticker": "RS",
   "side": "short",
   "weightPct": -3.6,
   "riskContribPct": 4.5,
   "mVaR": 5.3
  },
  {
   "ticker": "STLD",
   "side": "short",
   "weightPct": -2.2,
   "riskContribPct": 4.3,
   "mVaR": 5.1
  },
  {
   "ticker": "BVN",
   "side": "short",
   "weightPct": -0.8,
   "riskContribPct": 3.3,
   "mVaR": 3.9
  },
  {
   "ticker": "PAAS",
   "side": "short",
   "weightPct": -0.8,
   "riskContribPct": 3.3,
   "mVaR": 3.8
  },
  {
   "ticker": "HL",
   "side": "short",
   "weightPct": -0.7,
   "riskContribPct": 3.2,
   "mVaR": 3.8
  },
  {
   "ticker": "CSTM",
   "side": "short",
   "weightPct": -0.5,
   "riskContribPct": 1.5,
   "mVaR": 1.8
  },
  {
   "ticker": "AA",
   "side": "short",
   "weightPct": -0.4,
   "riskContribPct": 1.0,
   "mVaR": 1.2
  },
  {
   "ticker": "CENX",
   "side": "short",
   "weightPct": -0.4,
   "riskContribPct": 0.9,
   "mVaR": 1.1
  },
  {
   "ticker": "CC",
   "side": "long",
   "weightPct": 1.0,
   "riskContribPct": -0.6,
   "mVaR": -0.7
  },
  {
   "ticker": "ALB",
   "side": "long",
   "weightPct": 2.2,
   "riskContribPct": -1.5,
   "mVaR": -1.8
  },
  {
   "ticker": "SQM",
   "side": "long",
   "weightPct": 2.5,
   "riskContribPct": -1.5,
   "mVaR": -1.8
  },
  {
   "ticker": "TROX",
   "side": "long",
   "weightPct": 1.0,
   "riskContribPct": -1.5,
   "mVaR": -1.8
  },
  {
   "ticker": "SGML",
   "side": "long",
   "weightPct": 2.3,
   "riskContribPct": -1.6,
   "mVaR": -1.9
  },
  {
   "ticker": "ATI",
   "side": "long",
   "weightPct": 1.7,
   "riskContribPct": -4.4,
   "mVaR": -5.2
  },
  {
   "ticker": "LAC",
   "side": "long",
   "weightPct": 2.4,
   "riskContribPct": -6.7,
   "mVaR": -7.8
  }
 ],
 "coverageNote": "25 of 27 holdings (2 OTC excluded)"
}
