{
 "updatedAt": "2026-07-23T18:09:47+00:00",
 "asOf": "2026-07-23",
 "window": 90,
 "obs": 24,
 "headline": {
  "annVol": 17.5,
  "betaSpy": 0.42,
  "betaXme": 0.11,
  "var1d95": -231,
  "var1d99": -449,
  "hhi": 607.0,
  "effectiveN": 16.5
 },
 "metrics": [
  {
   "k": "Annualized volatility",
   "v": "17.5%",
   "note": "from the account's daily TWR, 24 daily obs since inception",
   "tone": "neutral"
  },
  {
   "k": "Beta vs S&P 500 (SPY)",
   "v": "0.42",
   "note": "23 overlapping daily obs",
   "tone": "neutral"
  },
  {
   "k": "Beta vs metals (XME)",
   "v": "0.11",
   "note": "long/short damps directional metals beta",
   "tone": "pos"
  },
  {
   "k": "Avg pairwise correlation",
   "v": "0.48",
   "note": "trailing 90d daily returns, 22 of 22 holdings (0 OTC ex.)",
   "tone": "pos"
  },
  {
   "k": "1-day VaR (95%, historical)",
   "v": "-$231",
   "note": "-2.17% of NAV; 99% VaR -4.21% (-$449)",
   "tone": "neg"
  },
  {
   "k": "Worst day since inception",
   "v": "-4.21%",
   "note": "single worst daily TWR",
   "tone": "neg"
  },
  {
   "k": "Max drawdown (inception curve)",
   "v": "-12.6%",
   "note": "peak-to-trough on the cumulative TWR",
   "tone": "neg"
  },
  {
   "k": "Concentration (HHI / eff. N)",
   "v": "607 / 16.5",
   "note": "22 names, ~16.5 effective",
   "tone": "pos"
  }
 ],
 "avgCorr": 0.48,
 "correlations": [
  {
   "pair": "BATT \u2013 KARS",
   "v": 0.93
  },
  {
   "pair": "HL \u2013 PAAS",
   "v": 0.9
  },
  {
   "pair": "BEPC \u2013 SGML",
   "v": 0.09
  }
 ],
 "matrix": {
  "tickers": [
   "AA",
   "ALB",
   "BATT",
   "BEPC",
   "BVN",
   "CDE",
   "CENX",
   "CMC",
   "CSTM",
   "FCX",
   "HL",
   "KALU",
   "KARS",
   "LAC",
   "LIT",
   "MP",
   "PAAS",
   "PLG",
   "RS",
   "SBSW",
   "SGML",
   "SQM"
  ],
  "rows": [
   [
    1.0,
    0.31,
    0.46,
    0.18,
    0.48,
    0.41,
    0.81,
    0.34,
    0.55,
    0.54,
    0.44,
    0.48,
    0.41,
    0.39,
    0.41,
    0.33,
    0.44,
    0.38,
    0.3,
    0.37,
    0.34,
    0.23
   ],
   [
    0.31,
    1.0,
    0.58,
    0.1,
    0.47,
    0.29,
    0.26,
    0.22,
    0.38,
    0.35,
    0.33,
    0.31,
    0.55,
    0.56,
    0.63,
    0.42,
    0.33,
    0.32,
    0.22,
    0.3,
    0.59,
    0.8
   ],
   [
    0.46,
    0.58,
    1.0,
    0.3,
    0.7,
    0.76,
    0.4,
    0.49,
    0.68,
    0.82,
    0.77,
    0.56,
    0.93,
    0.71,
    0.9,
    0.61,
    0.74,
    0.78,
    0.39,
    0.73,
    0.51,
    0.54
   ],
   [
    0.18,
    0.1,
    0.3,
    1.0,
    0.36,
    0.32,
    0.15,
    0.31,
    0.24,
    0.32,
    0.33,
    0.31,
    0.26,
    0.33,
    0.23,
    0.31,
    0.3,
    0.35,
    0.24,
    0.36,
    0.09,
    0.17
   ],
   [
    0.48,
    0.47,
    0.7,
    0.36,
    1.0,
    0.76,
    0.38,
    0.48,
    0.52,
    0.67,
    0.8,
    0.43,
    0.62,
    0.53,
    0.65,
    0.31,
    0.82,
    0.72,
    0.35,
    0.78,
    0.31,
    0.51
   ],
   [
    0.41,
    0.29,
    0.76,
    0.32,
    0.76,
    1.0,
    0.35,
    0.38,
    0.46,
    0.74,
    0.9,
    0.4,
    0.7,
    0.53,
    0.66,
    0.39,
    0.88,
    0.83,
    0.22,
    0.86,
    0.3,
    0.31
   ],
   [
    0.81,
    0.26,
    0.4,
    0.15,
    0.38,
    0.35,
    1.0,
    0.28,
    0.47,
    0.48,
    0.35,
    0.46,
    0.33,
    0.35,
    0.32,
    0.31,
    0.34,
    0.39,
    0.27,
    0.31,
    0.33,
    0.18
   ],
   [
    0.34,
    0.22,
    0.49,
    0.31,
    0.48,
    0.38,
    0.28,
    1.0,
    0.54,
    0.5,
    0.31,
    0.46,
    0.4,
    0.31,
    0.48,
    0.27,
    0.33,
    0.37,
    0.73,
    0.45,
    0.18,
    0.25
   ],
   [
    0.55,
    0.38,
    0.68,
    0.24,
    0.52,
    0.46,
    0.47,
    0.54,
    1.0,
    0.64,
    0.5,
    0.75,
    0.6,
    0.41,
    0.61,
    0.45,
    0.47,
    0.49,
    0.58,
    0.46,
    0.28,
    0.41
   ],
   [
    0.54,
    0.35,
    0.82,
    0.32,
    0.67,
    0.74,
    0.48,
    0.5,
    0.64,
    1.0,
    0.75,
    0.48,
    0.73,
    0.59,
    0.7,
    0.6,
    0.76,
    0.75,
    0.39,
    0.72,
    0.37,
    0.36
   ],
   [
    0.44,
    0.33,
    0.77,
    0.33,
    0.8,
    0.9,
    0.35,
    0.31,
    0.5,
    0.75,
    1.0,
    0.42,
    0.72,
    0.58,
    0.66,
    0.43,
    0.9,
    0.82,
    0.2,
    0.85,
    0.28,
    0.34
   ],
   [
    0.48,
    0.31,
    0.56,
    0.31,
    0.43,
    0.4,
    0.46,
    0.46,
    0.75,
    0.48,
    0.42,
    1.0,
    0.52,
    0.38,
    0.55,
    0.35,
    0.39,
    0.43,
    0.55,
    0.38,
    0.26,
    0.39
   ],
   [
    0.41,
    0.55,
    0.93,
    0.26,
    0.62,
    0.7,
    0.33,
    0.4,
    0.6,
    0.73,
    0.72,
    0.52,
    1.0,
    0.7,
    0.89,
    0.59,
    0.67,
    0.75,
    0.33,
    0.68,
    0.51,
    0.51
   ],
   [
    0.39,
    0.56,
    0.71,
    0.33,
    0.53,
    0.53,
    0.35,
    0.31,
    0.41,
    0.59,
    0.58,
    0.38,
    0.7,
    1.0,
    0.7,
    0.77,
    0.55,
    0.66,
    0.32,
    0.57,
    0.53,
    0.51
   ],
   [
    0.41,
    0.63,
    0.9,
    0.23,
    0.65,
    0.66,
    0.32,
    0.48,
    0.61,
    0.7,
    0.66,
    0.55,
    0.89,
    0.7,
    1.0,
    0.57,
    0.65,
    0.7,
    0.43,
    0.65,
    0.55,
    0.64
   ],
   [
    0.33,
    0.42,
    0.61,
    0.31,
    0.31,
    0.39,
    0.31,
    0.27,
    0.45,
    0.6,
    0.43,
    0.35,
    0.59,
    0.77,
    0.57,
    1.0,
    0.4,
    0.51,
    0.29,
    0.46,
    0.41,
    0.4
   ],
   [
    0.44,
    0.33,
    0.74,
    0.3,
    0.82,
    0.88,
    0.34,
    0.33,
    0.47,
    0.76,
    0.9,
    0.39,
    0.67,
    0.55,
    0.65,
    0.4,
    1.0,
    0.8,
    0.2,
    0.88,
    0.37,
    0.35
   ],
   [
    0.38,
    0.32,
    0.78,
    0.35,
    0.72,
    0.83,
    0.39,
    0.37,
    0.49,
    0.75,
    0.82,
    0.43,
    0.75,
    0.66,
    0.7,
    0.51,
    0.8,
    1.0,
    0.29,
    0.82,
    0.32,
    0.34
   ],
   [
    0.3,
    0.22,
    0.39,
    0.24,
    0.35,
    0.22,
    0.27,
    0.73,
    0.58,
    0.39,
    0.2,
    0.55,
    0.33,
    0.32,
    0.43,
    0.29,
    0.2,
    0.29,
    1.0,
    0.28,
    0.16,
    0.27
   ],
   [
    0.37,
    0.3,
    0.73,
    0.36,
    0.78,
    0.86,
    0.31,
    0.45,
    0.46,
    0.72,
    0.85,
    0.38,
    0.68,
    0.57,
    0.65,
    0.46,
    0.88,
    0.82,
    0.28,
    1.0,
    0.27,
    0.33
   ],
   [
    0.34,
    0.59,
    0.51,
    0.09,
    0.31,
    0.3,
    0.33,
    0.18,
    0.28,
    0.37,
    0.28,
    0.26,
    0.51,
    0.53,
    0.55,
    0.41,
    0.37,
    0.32,
    0.16,
    0.27,
    1.0,
    0.59
   ],
   [
    0.23,
    0.8,
    0.54,
    0.17,
    0.51,
    0.31,
    0.18,
    0.25,
    0.41,
    0.36,
    0.34,
    0.39,
    0.51,
    0.51,
    0.64,
    0.4,
    0.35,
    0.34,
    0.27,
    0.33,
    0.59,
    1.0
   ]
  ]
 },
 "contributions": [
  {
   "ticker": "SBSW",
   "side": "short",
   "weightPct": -4.6,
   "riskContribPct": 14.2,
   "mVaR": 27.6
  },
  {
   "ticker": "PLG",
   "side": "short",
   "weightPct": -4.4,
   "riskContribPct": 13.8,
   "mVaR": 26.8
  },
  {
   "ticker": "BEPC",
   "side": "short",
   "weightPct": -9.7,
   "riskContribPct": 11.6,
   "mVaR": 22.4
  },
  {
   "ticker": "BATT",
   "side": "short",
   "weightPct": -6.2,
   "riskContribPct": 10.8,
   "mVaR": 21.0
  },
  {
   "ticker": "LIT",
   "side": "short",
   "weightPct": -6.5,
   "riskContribPct": 9.0,
   "mVaR": 17.5
  },
  {
   "ticker": "KARS",
   "side": "short",
   "weightPct": -6.0,
   "riskContribPct": 8.1,
   "mVaR": 15.7
  },
  {
   "ticker": "KALU",
   "side": "short",
   "weightPct": -3.5,
   "riskContribPct": 6.9,
   "mVaR": 13.4
  },
  {
   "ticker": "CMC",
   "side": "short",
   "weightPct": -4.4,
   "riskContribPct": 6.2,
   "mVaR": 12.0
  },
  {
   "ticker": "CDE",
   "side": "short",
   "weightPct": -1.7,
   "riskContribPct": 5.9,
   "mVaR": 11.4
  },
  {
   "ticker": "PAAS",
   "side": "short",
   "weightPct": -2.1,
   "riskContribPct": 5.3,
   "mVaR": 10.2
  },
  {
   "ticker": "CSTM",
   "side": "short",
   "weightPct": -2.5,
   "riskContribPct": 5.2,
   "mVaR": 10.2
  },
  {
   "ticker": "HL",
   "side": "short",
   "weightPct": -1.7,
   "riskContribPct": 5.1,
   "mVaR": 10.0
  },
  {
   "ticker": "AA",
   "side": "short",
   "weightPct": -2.5,
   "riskContribPct": 4.8,
   "mVaR": 9.4
  },
  {
   "ticker": "CENX",
   "side": "short",
   "weightPct": -2.6,
   "riskContribPct": 4.8,
   "mVaR": 9.4
  },
  {
   "ticker": "BVN",
   "side": "short",
   "weightPct": -1.8,
   "riskContribPct": 4.6,
   "mVaR": 8.9
  },
  {
   "ticker": "RS",
   "side": "short",
   "weightPct": -3.8,
   "riskContribPct": 2.8,
   "mVaR": 5.4
  },
  {
   "ticker": "ALB",
   "side": "long",
   "weightPct": 2.2,
   "riskContribPct": -2.0,
   "mVaR": -3.8
  },
  {
   "ticker": "SQM",
   "side": "long",
   "weightPct": 2.6,
   "riskContribPct": -2.2,
   "mVaR": -4.3
  },
  {
   "ticker": "SGML",
   "side": "long",
   "weightPct": 2.3,
   "riskContribPct": -2.7,
   "mVaR": -5.3
  },
  {
   "ticker": "MP",
   "side": "long",
   "weightPct": 1.7,
   "riskContribPct": -2.9,
   "mVaR": -5.5
  },
  {
   "ticker": "FCX",
   "side": "long",
   "weightPct": 1.8,
   "riskContribPct": -4.4,
   "mVaR": -8.6
  },
  {
   "ticker": "LAC",
   "side": "long",
   "weightPct": 2.2,
   "riskContribPct": -4.9,
   "mVaR": -9.5
  }
 ],
 "coverageNote": "22 of 22 holdings"
}
